0 0.0
504 5066.666666666666
1005 5257.142857142857
1505 5270.588235294118
2004 4228.5714285714275
2504 0.0
3004 1942.8571428571427
3505 549.0196078431372
4004 0.0
4504 335.99999999999994
5004 0.0
5505 0.0
6004 3966.666666666667
6505 5375.999999999999
7004 5375.999999999999
7504 5380.392156862745
8004 5375.999999999999
8504 5600.0
9005 5375.999999999999
9505 5488.0
10004 5380.392156862745
10504 5600.0
11004 5375.999999999999
11504 5488.0
12004 5488.0
12505 5375.999999999999
13004 5488.0
13505 5375.999999999999
14004 5600.0
14504 5375.999999999999
15005 5600.0
15504 5488.0
16005 5375.999999999999
16505 5488.0
17004 5600.0
17504 5270.588235294118
18004 5600.0
18505 5600.0
19004 5270.588235294118
19505 5714.285714285715
20004 5375.999999999999
20504 5490.1960784313715
21004 5375.999999999999
21505 5600.0
22005 5375.999999999999
22504 5375.999999999999
23005 5714.285714285715
23504 5375.999999999999
24004 5276.923076923077
24505 5600.0
25005 5488.0
25505 5600.0
26004 5375.999999999999
26504 5488.0
27004 5375.999999999999
27505 5488.0
28004 5488.0
28505 5375.999999999999
29005 5600.0
29504 5485.714285714285
30004 5488.0
30505 5490.1960784313715
31004 5600.0
31504 5270.588235294118
32005 5600.0
32505 5375.999999999999
33004 5600.0
33504 5375.999999999999
34004 5488.0
34504 5488.0
35005 5488.0
35504 5600.0
36004 5490.1960784313715
36505 5488.0
37004 5375.999999999999
37505 5488.0
38004 5485.714285714285
38504 5488.0
39004 5488.0
39505 5490.1960784313715
40004 5488.0
40504 5600.0
41004 5380.392156862745
41504 5375.999999999999
42005 5490.1960784313715
42504 5485.714285714285
43004 5488.0
43505 5600.0
44004 5276.923076923077
44505 5600.0
45004 5600.0
45504 5488.0
46004 5488.0
46504 5488.0
47004 5488.0
47504 5485.714285714285
48005 5488.0
48504 5380.392156862745
49004 5714.285714285715
49504 5270.588235294118
50004 5600.0
50505 5490.1960784313715
51004 5375.999999999999
51504 5600.0
52004 5485.714285714285
52505 5488.0
53004 5490.1960784313715
53504 5488.0
54005 5375.999999999999
54504 5600.0
55004 5375.999999999999
55504 5490.1960784313715
56004 5488.0
56505 5375.999999999999
57004 5714.285714285715
57504 5270.588235294118
58005 5488.0
58504 5488.0
59004 5488.0
59504 5375.999999999999
60004 5600.0
60504 5380.392156862745
61004 5600.0
61504 5488.0
62005 5488.0
62504 5488.0
63004 5600.0
63504 5380.392156862745
64004 5714.285714285715
64505 5270.588235294118
65004 5714.285714285715
65505 5380.392156862745
66004 5600.0
66504 5380.392156862745
67004 5488.0
67504 5375.999999999999
68005 5488.0
68504 5488.0
69004 5488.0
69504 5488.0
70004 5600.0
70504 5488.0
71004 5375.999999999999
71504 5485.714285714285
72004 5488.0
72505 5380.392156862745
73004 5488.0
73505 5270.588235294118
74004 5600.0
74504 5485.714285714285
75004 5490.1960784313715
75504 5488.0
76005 5600.0
76504 5380.392156862745
77004 5600.0
77504 5270.588235294118
78004 5714.285714285715
78504 5270.588235294118
79004 5600.0
79505 5375.999999999999
80004 5488.0
80504 5600.0
81004 5488.0
81504 5488.0
82004 5488.0
82505 5488.0
83004 5600.0
83505 5488.0
84004 5276.923076923077
84504 5714.285714285715
85004 5600.0
85504 5270.588235294118
86004 5714.285714285715
86504 5380.392156862745
87004 5488.0
87504 5485.714285714285
88004 5380.392156862745
88504 5490.1960784313715
89004 5600.0
89504 5375.999999999999
90005 5488.0
90504 5600.0
91004 5488.0
91504 5488.0
92004 5485.714285714285
92504 5276.923076923077
93005 5600.0
93504 5375.999999999999
94005 5714.285714285715
94504 5375.999999999999
95004 5600.0
95504 5488.0
96004 5488.0
96504 5375.999999999999
97004 5714.285714285715
97504 5380.392156862745
98004 5488.0
98504 5488.0
99004 5488.0
99504 5488.0
100004 5488.0
100504 5375.999999999999
101004 5600.0
101504 5270.588235294118
102005 5600.0
102504 5600.0
103005 5488.0
103504 5600.0
104004 5375.999999999999
104505 5490.1960784313715
105005 5488.0
105504 5488.0
106004 5488.0
106504 5488.0
107004 5488.0
107504 5375.999999999999
108004 5488.0
108504 5600.0
109005 5600.0
109504 5380.392156862745
110004 5485.714285714285
110505 5490.1960784313715
111004 5600.0
111504 5490.1960784313715
112004 5600.0
112504 5488.0
113005 5380.392156862745
113504 5485.714285714285
114004 5490.1960784313715
114504 5375.999999999999
115004 5600.0
115505 5488.0
116004 5488.0
116505 5375.999999999999
117004 5600.0
117504 5488.0
118005 5490.1960784313715
118504 5488.0
119004 5600.0
119505 5488.0
120004 5488.0
120505 5488.0
121004 5600.0
121505 5380.392156862745
122004 5714.285714285715
122504 5270.588235294118
123004 5600.0
123505 5488.0
124005 5600.0
124504 5380.392156862745
125004 5270.588235294118
125504 5488.0
126004 5485.714285714285
126505 5488.0
127004 5488.0
127504 5488.0
128004 5488.0
128504 5600.0
129004 5488.0
129504 5714.285714285715
130005 5488.0
130505 5380.392156862745
131004 5375.999999999999
131505 5488.0
132004 5600.0
132504 5488.0
133004 5488.0
133504 5600.0
134004 5488.0
134505 5714.285714285715
135004 5380.392156862745
135505 5380.392156862745
136004 5600.0
136504 5380.392156862745
137004 5600.0
137504 5375.999999999999
138005 5714.285714285715
138504 5490.1960784313715
139005 5375.999999999999
139504 5380.392156862745
140004 5600.0
140505 5488.0
141004 5488.0
141504 5488.0
142005 5488.0
142505 5488.0
143004 5488.0
143505 5488.0
144004 5712.0
144504 5488.0
145004 5488.0
145504 5488.0
146004 5600.0
146504 5490.1960784313715
147004 5270.588235294118
147504 5600.0
148004 5488.0
148505 5488.0
149004 5380.392156862745
149504 5600.0
150004 5600.0
150504 5488.0
151004 5488.0
151504 5488.0
152004 5485.714285714285
152504 5490.1960784313715
153004 5600.0
153504 5490.1960784313715
154004 5488.0
154505 5600.0
155004 5380.392156862745
155504 5714.285714285715
156004 5375.999999999999
156504 5488.0
157005 5714.285714285715
157504 5488.0
158004 5270.588235294118
158505 5600.0
159004 5488.0
159504 5600.0
160004 5488.0
160504 5600.0
161004 5600.0
161505 5380.392156862745
162004 5375.999999999999
162505 5600.0
163005 5380.392156862745
163504 5600.0
164004 5600.0
164504 5488.0
165004 5600.0
165504 5488.0
166004 5488.0
166505 5488.0
167005 5488.0
167505 5488.0
168005 5600.0
168504 4501.9607843137255
169004 5142.857142857142
169504 5600.0
170004 5375.999999999999
170504 5600.0
171004 5160.7843137254895
171504 5488.0
172005 5263.999999999999
172505 5600.0
173004 5488.0
173504 5488.0
174005 5488.0
174504 5488.0
175004 5488.0
175504 5488.0
176004 5600.0
176505 5600.0
177004 5600.0
177504 5488.0
178004 5380.392156862745
178505 5488.0
179005 5485.714285714285
179504 5490.1960784313715
180004 5600.0
180504 5270.588235294118
181004 5488.0
181504 5490.1960784313715
182006 5600.0
182505 5270.588235294118
183005 5488.0
183504 5600.0
184004 5600.0
184504 5380.392156862745
185004 5600.0
185504 5600.0
186004 5490.1960784313715
186504 5600.0
187004 5490.1960784313715
187504 5485.714285714285
188004 5276.923076923077
188504 5600.0
189004 5380.392156862745
189504 5600.0
190004 5600.0
190504 5600.0
191004 5488.0
191504 5488.0
192004 5600.0
192504 5380.392156862745
193004 5375.999999999999
193504 5714.285714285715
194004 5375.999999999999
194504 5600.0
195004 5380.392156862745
195504 5714.285714285715
196004 5380.392156862745
196504 5600.0
197004 5490.1960784313715
197504 5375.999999999999
198004 5488.0
198504 5488.0
199004 5488.0
199505 5714.285714285715
200004 5380.392156862745
200504 5714.285714285715
201005 5380.392156862745
201504 5488.0
202004 5714.285714285715
202504 5270.588235294118
203004 5488.0
203504 5714.285714285715
204004 5380.392156862745
204504 5375.999999999999
205005 5600.0
205505 5600.0
206004 5380.392156862745
206504 5485.714285714285
207004 5380.392156862745
207504 5488.0
208004 5600.0
208504 5270.588235294118
209004 5714.285714285715
209504 5488.0
210005 5488.0
210505 5488.0
211004 5600.0
211505 5488.0
212004 5488.0
212504 5600.0
213004 5488.0
213504 5485.714285714285
214004 5270.588235294118
214504 5600.0
215004 5488.0
215504 5600.0
216004 5488.0
216505 5600.0
217005 5600.0
217504 5488.0
218004 5488.0
218504 5375.999999999999
219004 5488.0
219504 5488.0
220005 5714.285714285715
220504 5380.392156862745
221004 5488.0
221504 5714.285714285715
222004 5488.0
222504 5488.0
223004 5380.392156862745
223504 5600.0
224004 5263.999999999999
224504 5600.0
225004 5488.0
225504 5600.0
226004 5488.0
226504 5488.0
227005 5488.0
227504 5380.392156862745
228004 5714.285714285715
228504 5488.0
229004 5375.999999999999
229504 5488.0
230004 5600.0
230504 5488.0
231004 5488.0
231504 5600.0
232004 5714.285714285715
232505 5380.392156862745
233004 5488.0
233504 5600.0
234004 5375.999999999999
234504 5490.1960784313715
235004 5488.0
235504 5600.0
236004 5488.0
236504 5488.0
237005 5600.0
237504 5488.0
238005 5600.0
238504 5488.0
239004 5600.0
239505 5488.0
240005 5488.0
240505 5375.999999999999
241004 5600.0
241504 5600.0
242004 5380.392156862745
242504 5714.285714285715
243004 5380.392156862745
243504 5714.285714285715
244005 5380.392156862745
244504 5485.714285714285
245004 5488.0
245504 5488.0
246004 5384.615384615384
246505 5600.0
247004 5600.0
247504 5380.392156862745
248005 5600.0
248504 5600.0
249004 5488.0
249504 5488.0
250004 5600.0
250504 5375.999999999999
251004 5714.285714285715
251504 5380.392156862745
252004 5600.0
252505 5490.1960784313715
253004 5600.0
253504 5490.1960784313715
254005 5485.714285714285
254504 5600.0
255005 5488.0
255504 5488.0
256004 5488.0
256504 5712.0
257004 5380.392156862745
257504 5488.0
258004 5490.1960784313715
258504 5600.0
259004 5600.0
259504 5375.999999999999
260004 5488.0
260504 5600.0
261005 5488.0
261504 5380.392156862745
262004 5714.285714285715
262504 5380.392156862745
263004 5600.0
263504 5490.1960784313715
264005 5375.999999999999
264505 5488.0
265004 5375.999999999999
265504 5488.0
266004 5380.392156862745
266504 5714.285714285715
267004 5380.392156862745
267504 5714.285714285715
268004 5375.999999999999
268504 5714.285714285715
269005 5380.392156862745
269505 5600.0
270005 5488.0
270504 5375.999999999999
271004 5488.0
271504 5488.0
272004 5600.0
272504 5600.0
273004 5488.0
273504 5490.1960784313715
274004 5488.0
274505 5600.0
275004 5375.999999999999
275504 5600.0
276004 5488.0
276505 5380.392156862745
277004 5488.0
277504 5600.0
278004 5488.0
278504 5488.0
279005 5600.0
279504 5488.0
280004 5600.0
280505 5375.999999999999
281005 5600.0
281505 5375.999999999999
282004 5488.0
282504 5600.0
283004 5600.0
283504 5600.0
284004 5490.1960784313715
284504 5488.0
285004 5600.0
285504 5380.392156862745
286005 5488.0
286504 5488.0
287004 5488.0
287504 5600.0
288004 5488.0
288504 5488.0
289004 5600.0
289505 5600.0
290004 5488.0
290504 5375.999999999999
291005 5488.0
291504 5714.285714285715
292004 5488.0
292504 5380.392156862745
293004 5714.285714285715
293504 5380.392156862745
294004 5380.392156862745
294504 5714.285714285715
295004 5375.999999999999
295504 5600.0
296004 5488.0
296504 5488.0
297004 5488.0
297505 5600.0
298005 5488.0
298504 5600.0
299004 5600.0
299504 5488.0
300004 5488.0
300504 5600.0
301005 5488.0
301505 5380.392156862745
302004 5488.0
302505 5485.714285714285
303004 5600.0
303504 5488.0
304004 5600.0
304505 5488.0
305004 5600.0
305504 5488.0
306004 5600.0
306504 5490.1960784313715
307005 5375.999999999999
307504 5488.0
308004 5600.0
308504 5714.285714285715
309004 5380.392156862745
309504 5600.0
310004 5600.0
310504 5380.392156862745
311004 5600.0
311504 5488.0
312004 5488.0
312504 5375.999999999999
313004 5600.0
313504 5488.0
314004 5600.0
314504 5600.0
315005 5490.1960784313715
315505 5488.0
316004 5488.0
316504 5600.0
317004 5380.392156862745
317504 5488.0
318004 5600.0
318505 5600.0
319005 5384.615384615384
319504 5600.0
320004 5488.0
320504 5600.0
321004 5600.0
321504 5375.999999999999
322004 5600.0
322504 5375.999999999999
323004 5488.0
323504 5600.0
324005 5488.0
324505 5600.0
325004 5488.0
325504 5488.0
326004 5600.0
326504 5488.0
327004 5375.999999999999
327504 5600.0
328004 5488.0
328504 5600.0
329004 5714.285714285715
329504 5380.392156862745
330004 5488.0
330504 5488.0
331004 5490.1960784313715
331505 5600.0
332004 5600.0
332504 5488.0
333004 5488.0
333504 5485.714285714285
334004 5380.392156862745
334504 5488.0
335004 5488.0
335505 5600.0
336004 5488.0
336505 5600.0
337005 5490.1960784313715
337504 5600.0
338004 5375.999999999999
338504 5490.1960784313715
339004 5714.285714285715
339504 5380.392156862745
340004 5600.0
340504 5488.0
341004 5600.0
341504 5375.999999999999
342005 5600.0
342504 5488.0
343004 5488.0
343504 5375.999999999999
344004 5712.0
344504 5375.999999999999
345005 5714.285714285715
345505 5380.392156862745
346005 5488.0
346504 5714.285714285715
347004 5270.588235294118
347504 5600.0
348004 5488.0
348505 5600.0
349004 5488.0
349504 5490.1960784313715
350004 5600.0
350504 5488.0
351004 5600.0
351504 5600.0
352005 5380.392156862745
352505 5488.0
353005 5488.0
353505 5488.0
354004 5488.0
354504 5488.0
355005 5600.0
355504 5600.0
356004 5488.0
356504 4816.0
357004 5263.999999999999
357504 5263.999999999999
358004 5375.999999999999
358504 5600.0
359004 5490.1960784313715
359505 5488.0
360004 5600.0
360505 5490.1960784313715
361005 5600.0
361504 5270.588235294118
362005 5600.0
362504 5380.392156862745
363005 5714.285714285715
363504 5488.0
364004 5488.0
364504 5485.714285714285
365004 5384.615384615384
365504 5375.999999999999
366004 5714.285714285715
366504 5488.0
367004 5600.0
367505 5600.0
368004 5488.0
368504 5375.999999999999
369005 5488.0
369504 5488.0
370005 5488.0
370505 5714.285714285715
371004 5380.392156862745
371504 5488.0
372004 5600.0
372504 5600.0
373005 5488.0
373504 5488.0
374004 5600.0
374504 5375.999999999999
375004 5380.392156862745
375505 5600.0
376005 5600.0
376504 5600.0
377004 5488.0
377504 5600.0
378004 5485.714285714285
378504 5380.392156862745
379004 5600.0
379504 5600.0
380005 5169.2307692307695
380504 5714.285714285715
381004 5600.0
381504 5488.0
382004 5488.0
382504 5600.0
383004 5600.0
383504 5488.0
384004 5488.0
384505 5375.999999999999
385004 5600.0
385505 5488.0
386005 5490.1960784313715
386504 5600.0
387004 5600.0
387504 5488.0
388004 5488.0
388504 5600.0
389005 5375.999999999999
389504 5488.0
390004 5600.0
390504 5600.0
391004 5490.1960784313715
391504 5714.285714285715
392004 5380.392156862745
392504 5600.0
393004 5375.999999999999
393504 5600.0
394004 5714.285714285715
394504 5375.999999999999
395004 5490.1960784313715
395505 5270.588235294118
396004 5488.0
396505 5600.0
397004 5488.0
397504 5600.0
398004 5488.0
398504 5600.0
399004 5488.0
399505 5488.0
400005 5375.999999999999
400504 5600.0
401005 5488.0
401504 5600.0
402005 5488.0
402505 5600.0
403004 5380.392156862745
403504 5600.0
404004 5488.0
404504 5375.999999999999
405004 5488.0
405504 5488.0
406004 5488.0
406504 5600.0
407004 5600.0
407504 5380.392156862745
408004 5488.0
408504 5600.0
409004 5488.0
409504 5600.0
410004 5380.392156862745
410504 5600.0
411004 5380.392156862745
411504 5600.0
412004 5488.0
412504 5600.0
413004 5270.588235294118
413504 5600.0
414004 5600.0
414504 5488.0
415004 5488.0
415504 5488.0
416004 5488.0
416504 5714.285714285715
417004 5380.392156862745
417505 5600.0
418004 5490.1960784313715
418504 5600.0
419004 5490.1960784313715
419504 5488.0
420004 5375.999999999999
420504 5488.0
421004 5600.0
421504 5488.0
422005 5600.0
422504 5488.0
423004 5600.0
423504 5488.0
424004 5600.0
424504 5600.0
425004 5380.392156862745
425504 5714.285714285715
426004 5375.999999999999
426504 5380.392156862745
427004 5488.0
427504 5488.0
428004 5600.0
428505 5600.0
429005 5375.999999999999
429504 5600.0
430004 5375.999999999999
430504 5488.0
431004 5600.0
431504 5488.0
432005 5380.392156862745
432505 5714.285714285715
433004 5276.923076923077
433504 5600.0
434004 5712.0
434504 5488.0
435004 5488.0
435505 5488.0
436005 5600.0
436505 5375.999999999999
437004 5488.0
437504 5600.0
438004 5488.0
438504 5488.0
439004 5600.0
439504 5600.0
440004 5380.392156862745
440504 5600.0
441004 5375.999999999999
441504 5600.0
442004 5380.392156862745
442504 5600.0
443004 5600.0
443504 5600.0
444004 5714.285714285715
444504 5380.392156862745
445005 5488.0
445504 5488.0
446004 5490.1960784313715
446505 5485.714285714285
447005 5488.0
447504 5600.0
448004 5600.0
448504 5380.392156862745
449004 5600.0
449504 5600.0
450004 5380.392156862745
450504 5488.0
451004 5375.999999999999
451504 5488.0
452005 5600.0
452504 5488.0
453004 5714.285714285715
453504 5380.392156862745
454004 5600.0
454505 5600.0
455004 5600.0
455504 5380.392156862745
456004 5600.0
456504 5384.615384615384
457004 5600.0
457504 5375.999999999999
458004 5600.0
458505 5488.0
459004 5488.0
459505 5488.0
460004 5600.0
460504 5488.0
461004 5375.999999999999
461505 5488.0
462004 5600.0
462504 5488.0
463004 5488.0
463504 5600.0
464004 5488.0
464504 5600.0
465004 5490.1960784313715
465504 5714.285714285715
466004 5270.588235294118
466505 5600.0
467004 5488.0
467505 5380.392156862745
468005 5600.0
468504 5490.1960784313715
469004 5488.0
469504 5488.0
470004 5490.1960784313715
470504 5714.285714285715
471004 5375.999999999999
471504 5600.0
472004 5375.999999999999
472504 5714.285714285715
473005 5380.392156862745
473504 5600.0
474004 5488.0
474504 5714.285714285715
475005 5270.588235294118
475504 5488.0
476004 5600.0
476504 5488.0
477004 5488.0
477504 5375.999999999999
478004 5600.0
478504 5380.392156862745
479005 5488.0
479505 5714.285714285715
480004 5380.392156862745
480505 5600.0
481005 5488.0
481504 5488.0
482005 5375.999999999999
482505 5488.0
483004 5600.0
483504 5380.392156862745
484004 5714.285714285715
484504 5600.0
485005 5488.0
485505 5488.0
486004 5600.0
486504 5488.0
487004 5490.1960784313715
487504 5714.285714285715
488004 5380.392156862745
488505 5375.999999999999
489004 5600.0
489505 5600.0
490005 5488.0
490504 5488.0
491004 5600.0
491505 5488.0
492004 5600.0
492504 5600.0
493004 5270.588235294118
493504 5714.285714285715
494004 5488.0
494504 5488.0
495004 5600.0
495504 5384.615384615384
496004 5600.0
496504 5600.0
497004 5488.0
497505 5600.0
498005 5488.0
498504 5375.999999999999
499004 5600.0
499504 5488.0
500004 5600.0
500505 5600.0
501005 5488.0
501504 5488.0
502004 5600.0
502504 5488.0
503004 5488.0
503504 5488.0
504004 5488.0
504504 5490.1960784313715
505004 5714.285714285715
505504 5488.0
506004 5600.0
506504 5488.0
507004 5600.0
507504 5488.0
508004 5600.0
508504 5380.392156862745
509004 5714.285714285715
509504 5380.392156862745
510004 5380.392156862745
510504 5714.285714285715
511004 5600.0
511504 5380.392156862745
512004 5600.0
512504 5600.0
513004 5380.392156862745
513504 5488.0
514004 5600.0
514504 5600.0
515004 5490.1960784313715
515504 5600.0
516004 5375.999999999999
516504 5712.0
517004 5488.0
517504 5600.0
518004 5375.999999999999
518505 5714.285714285715
519004 5380.392156862745
519504 5600.0
520004 5485.714285714285
520504 5488.0
521004 5490.1960784313715
521504 5600.0
522004 5488.0
522504 5600.0
523004 5270.588235294118
523504 5714.285714285715
524005 5380.392156862745
524504 5600.0
525004 5600.0
525505 5488.0
526004 5600.0
526504 5490.1960784313715
527004 5488.0
527504 5600.0
528004 5600.0
528504 5488.0
529004 5488.0
529504 5488.0
530004 5488.0
530505 5600.0
531005 5600.0
531505 5380.392156862745
532004 5712.0
532504 5600.0
533005 5380.392156862745
533505 5488.0
534004 5488.0
534504 5488.0
535004 5600.0
535504 5380.392156862745
536005 5600.0
536505 5600.0
537005 5600.0
537504 5600.0
538004 5488.0
538504 5488.0
539004 5600.0
539504 5380.392156862745
540004 5490.1960784313715
540504 5488.0
541004 5600.0
541504 5488.0
542005 5490.1960784313715
542505 5488.0
543004 5600.0
543504 5485.714285714285
544004 5375.999999999999
544505 5600.0
545004 5488.0
545504 5600.0
546004 5490.1960784313715
546504 5600.0
547004 5490.1960784313715
547504 5600.0
548004 5276.923076923077
548505 5714.285714285715
549004 5375.999999999999
549504 5488.0
550004 5380.392156862745
550505 5600.0
551004 5600.0
551504 5600.0
552004 5600.0
552504 5488.0
553004 5488.0
553504 5600.0
554004 5380.392156862745
554504 5600.0
555004 5488.0
555505 5490.1960784313715
556005 5488.0
556504 5380.392156862745
557004 5488.0
557504 5714.285714285715
558004 5488.0
558505 5600.0
559005 5488.0
559504 5488.0
560004 5488.0
560504 5488.0
561004 5600.0
561504 5488.0
562004 5488.0
562504 5712.0
563004 5488.0
563504 5375.999999999999
564004 5488.0
564504 5380.392156862745
565004 5714.285714285715
565505 5600.0
566004 5488.0
566504 5600.0
567004 5600.0
567504 5380.392156862745
568004 5714.285714285715
568505 5380.392156862745
569005 5600.0
569504 5375.999999999999
570004 5488.0
570504 5600.0
571004 5488.0
571504 5488.0
572004 5600.0
572504 5488.0
573004 5600.0
573504 5488.0
574005 5488.0
574504 5600.0
575004 5600.0
575505 5488.0
576005 5276.923076923077
576505 5600.0
577004 5714.285714285715
577504 5380.392156862745
578004 5714.285714285715
578504 5488.0
579004 5488.0
579504 5488.0
580004 5600.0
580504 5380.392156862745
581005 5714.285714285715
581504 5488.0
582004 5490.1960784313715
582504 5600.0
583004 5380.392156862745
583504 5600.0
584004 5270.588235294118
584504 5600.0
585004 5600.0
585504 5600.0
586004 5488.0
586504 5600.0
587005 5490.1960784313715
587505 5600.0
588004 5488.0
588504 5488.0
589004 5600.0
589504 5375.999999999999
590004 5488.0
590505 5600.0
591004 5600.0
591504 5600.0
592004 5490.1960784313715
592504 5600.0
593004 5380.392156862745
593504 5488.0
594004 5600.0
594504 5490.1960784313715
595004 5600.0
595504 5490.1960784313715
596004 5375.999999999999
596505 5600.0
597004 5600.0
597504 5375.999999999999
598005 5600.0
598505 5375.999999999999
599005 5488.0
599504 5714.285714285715
600004 5380.392156862745
600504 5714.285714285715
601004 5380.392156862745
601504 5600.0
602004 5600.0
602504 5488.0
603004 5490.1960784313715
603504 5488.0
604004 5488.0
604504 5380.392156862745
605004 5600.0
605505 5600.0
606004 5600.0
606504 5488.0
607004 5488.0
607504 5600.0
608005 5714.285714285715
608504 5380.392156862745
609004 5600.0
609505 5276.923076923077
610005 5600.0
610505 5600.0
611004 5488.0
611504 5488.0
612004 5600.0
612504 5600.0
613004 5488.0
613504 5488.0
614004 5600.0
614504 5270.588235294118
615004 5600.0
615504 5600.0
616004 5600.0
616504 5380.392156862745
617005 5600.0
617504 5600.0
618004 5488.0
618504 5270.588235294118
619004 5600.0
619504 5375.999999999999
620004 5600.0
620504 5488.0
621005 5712.0
621505 5375.999999999999
622004 5712.0
622504 5488.0
623004 5375.999999999999
623504 5488.0
624004 5600.0
624504 5380.392156862745
625005 5714.285714285715
625505 5600.0
626004 5488.0
626504 5490.1960784313715
627005 5600.0
627504 5488.0
628004 5600.0
628504 5375.999999999999
629004 5600.0
629504 5488.0
630005 5600.0
630504 5490.1960784313715
631004 5600.0
631504 5488.0
632004 5714.285714285715
632504 5380.392156862745
633004 5488.0
633505 5488.0
634005 5488.0
634504 5488.0
635005 5600.0
635504 5600.0
636004 5488.0
636504 5600.0
637005 5488.0
637504 5600.0
638004 5600.0
638504 5375.999999999999
639004 5714.285714285715
639504 5375.999999999999
640004 5490.1960784313715
640505 5488.0
641004 5488.0
641505 5490.1960784313715
642004 5600.0
642504 5600.0
643005 5375.999999999999
643504 5488.0
644004 5488.0
644505 5600.0
645004 5714.285714285715
645504 5380.392156862745
646004 5714.285714285715
646504 5380.392156862745
647004 5488.0
647505 5490.1960784313715
648005 5714.285714285715
648504 5488.0
649004 5488.0
649504 5488.0
650005 5375.999999999999
650504 5714.285714285715
651004 5490.1960784313715
651504 5600.0
652004 5488.0
652504 5600.0
653004 5270.588235294118
653504 5600.0
654004 5375.999999999999
654504 5488.0
655004 5712.0
655504 5488.0
656004 5488.0
656504 5600.0
657005 5600.0
657504 5488.0
658004 5600.0
658504 5488.0
659004 5600.0
659505 5380.392156862745
660004 5600.0
660504 5490.1960784313715
661004 5600.0
661504 5490.1960784313715
662004 5488.0
662504 5600.0
663005 5488.0
663504 5488.0
664004 5488.0
664504 5488.0
665005 5488.0
665504 5600.0
666004 5600.0
666504 5488.0
667005 5600.0
667504 5600.0
668004 5488.0
668504 5488.0
669004 5600.0
669504 5380.392156862745
670004 5600.0
670504 5488.0
671004 5600.0
671504 5488.0
672004 5600.0
672504 5600.0
673004 5380.392156862745
673504 5488.0
674004 5488.0
674505 5714.285714285715
675004 5488.0
675504 5490.1960784313715
676004 5380.392156862745
676504 5714.285714285715
677004 5488.0
677505 5600.0
678004 5600.0
678505 5488.0
679004 5488.0
679504 5485.714285714285
680004 5490.1960784313715
680504 5714.285714285715
681004 5380.392156862745
681504 5600.0
682004 5490.1960784313715
682504 5600.0
683005 5600.0
683504 5270.588235294118
684004 5488.0
684505 5375.999999999999
685004 5600.0
685504 5600.0
686004 5375.999999999999
686504 5600.0
687005 5488.0
687505 5714.285714285715
688004 5490.1960784313715
688504 5600.0
689004 5488.0
689504 5276.923076923077
690004 5600.0
690505 5488.0
691005 5600.0
691505 5600.0
692004 5488.0
692504 5488.0
693004 5600.0
693505 5270.588235294118
694004 5490.1960784313715
694504 5600.0
695004 5488.0
695504 5600.0
696004 5488.0
696504 5488.0
697004 5600.0
697504 5380.392156862745
698004 5828.571428571428
698504 5375.999999999999
699004 5600.0
699504 5488.0
700004 5488.0
700504 5488.0
701004 5714.285714285715
701504 5490.1960784313715
702004 5488.0
702504 5600.0
703004 5600.0
703504 5380.392156862745
704004 5485.714285714285
704504 5488.0
705004 5600.0
705505 5490.1960784313715
706004 5714.285714285715
706504 5380.392156862745
707005 5600.0
707504 5600.0
708004 5488.0
708504 5375.999999999999
709004 5600.0
709505 5488.0
710004 5714.285714285715
710505 5380.392156862745
711005 5488.0
711504 5600.0
712005 5600.0
712504 5380.392156862745
713004 5714.285714285715
713504 5488.0
714004 5380.392156862745
714504 5488.0
715005 5600.0
715504 5600.0
716004 5488.0
716504 5600.0
717005 5488.0
717504 5488.0
718005 5828.571428571428
718504 5270.588235294118
719004 5600.0
719504 5600.0
720004 5270.588235294118
720504 5600.0
721004 5600.0
721504 5488.0
722005 5600.0
722504 5488.0
723004 5380.392156862745
723504 5600.0
724004 5600.0
724504 5488.0
725004 5375.999999999999
725504 5600.0
726004 5600.0
726504 5490.1960784313715
727004 5600.0
727504 5488.0
728004 5600.0
728504 5488.0
729005 5488.0
729504 5488.0
730004 5600.0
730504 5600.0
731004 5375.999999999999
731504 5714.285714285715
732005 5600.0
732505 5380.392156862745
733005 5600.0
733504 5380.392156862745
734004 5380.392156862745
734504 5600.0
735004 5712.0
735504 5488.0
736004 5488.0
736504 5600.0
737004 5600.0
737505 5488.0
738004 5488.0
738504 5600.0
739004 5380.392156862745
739504 5600.0
740005 5488.0
740505 5488.0
741005 5600.0
741504 5488.0
742004 5488.0
742504 5600.0
743005 5488.0
743504 5488.0
744004 5600.0
744504 5488.0
745005 5488.0
745504 5714.285714285715
746004 5490.1960784313715
746504 5488.0
747004 5600.0
747504 5490.1960784313715
748004 5152.0
748505 5040.0
749004 5488.0
749504 5600.0
750004 5380.392156862745
750504 5488.0
751005 5488.0
751504 5600.0
752004 5488.0
752504 5600.0
753004 5488.0
753504 5375.999999999999
754004 5375.999999999999
754504 5600.0
755004 5600.0
755504 5488.0
756004 5600.0
756505 5490.1960784313715
757004 5375.999999999999
757505 5600.0
758004 5488.0
758505 5276.923076923077
759004 5600.0
759504 5600.0
760004 5488.0
760504 5488.0
761004 5600.0
761504 5488.0
762004 5488.0
762505 5714.285714285715
763004 5488.0
763505 5490.1960784313715
764005 5488.0
764504 5375.999999999999
765004 5600.0
765504 5488.0
766004 5600.0
766504 5488.0
767005 5600.0
767504 5488.0
768004 5600.0
768504 5600.0
769005 5488.0
769505 5375.999999999999
770004 5714.285714285715
770504 5490.1960784313715
771004 5600.0
771504 5380.392156862745
772004 5600.0
772504 5488.0
773004 5600.0
773504 5384.615384615384
774004 5600.0
774505 5488.0
775005 5488.0
775504 5600.0
776004 5600.0
776504 5488.0
777004 5600.0
777504 5490.1960784313715
778005 5600.0
778505 5488.0
779004 5488.0
779504 5488.0
780004 5380.392156862745
780504 5600.0
781004 5714.285714285715
781504 5488.0
782004 5488.0
782504 5600.0
783004 5600.0
783504 5490.1960784313715
784004 5488.0
784504 5263.999999999999
785004 5600.0
785504 5488.0
786004 5488.0
786505 5490.1960784313715
787004 5600.0
787504 5490.1960784313715
788004 5600.0
788504 5488.0
789005 5490.1960784313715
789505 5270.588235294118
790004 5600.0
790505 5488.0
791004 5600.0
791504 5488.0
792005 5488.0
792504 5600.0
793004 5488.0
793504 5600.0
794004 5488.0
794505 5600.0
795004 5380.392156862745
795505 5600.0
796004 5490.1960784313715
796504 5488.0
797004 5380.392156862745
797504 5714.285714285715
798004 5600.0
798504 5488.0
799004 5488.0
799504 5600.0
800004 5600.0
800504 5488.0
801004 5488.0
801504 5490.1960784313715
802005 5714.285714285715
802504 5488.0
803005 5380.392156862745
803504 5712.0
804004 5375.999999999999
804504 5600.0
805004 5488.0
805504 5490.1960784313715
806004 5488.0
806504 5600.0
807005 5714.285714285715
807504 5380.392156862745
808004 5600.0
808504 5488.0
809004 5600.0
809504 5276.923076923077
810005 5600.0
810504 5600.0
811005 5488.0
811504 5490.1960784313715
812004 5714.285714285715
812504 5488.0
813004 5488.0
813505 5600.0
814004 5485.714285714285
814504 5490.1960784313715
815004 5488.0
815504 5714.285714285715
816005 5488.0
816505 5490.1960784313715
817004 5600.0
817504 5380.392156862745
818004 5828.571428571428
818504 5270.588235294118
819005 5600.0
819504 5488.0
820004 5600.0
820504 5375.999999999999
821004 5488.0
821504 5712.0
822004 5375.999999999999
822504 5488.0
823004 5600.0
823504 5488.0
824004 5600.0
824504 5488.0
825004 5488.0
825504 5488.0
826004 5600.0
826504 5375.999999999999
827004 5714.285714285715
827504 5375.999999999999
828004 5490.1960784313715
828505 5600.0
829004 5600.0
829505 5270.588235294118
830004 5488.0
830504 5714.285714285715
831004 5490.1960784313715
831504 5600.0
832004 5488.0
832505 5490.1960784313715
833004 5600.0
833504 5490.1960784313715
834004 5270.588235294118
834504 5714.285714285715
835004 5488.0
835504 5488.0
836004 5488.0
836504 5600.0
837004 5600.0
837504 5490.1960784313715
838005 5600.0
838504 5488.0
839004 5488.0
839504 5270.588235294118
840004 5714.285714285715
840504 5380.392156862745
841005 5600.0
841505 5488.0
842004 5490.1960784313715
842504 5716.666666666666
843004 5600.0
843504 5488.0
844004 5380.392156862745
844504 5488.0
845005 5485.714285714285
845504 5600.0
846004 5380.392156862745
846504 5600.0
847004 5600.0
847504 5488.0
848005 5600.0
848504 5380.392156862745
849004 5714.285714285715
849504 5276.923076923077
850004 5600.0
850504 5490.1960784313715
851004 5600.0
851505 5488.0
852005 5380.392156862745
852504 5600.0
853004 5600.0
853504 5488.0
854004 5488.0
854504 5600.0
855005 5490.1960784313715
855504 5488.0
856004 5600.0
856504 5488.0
857004 5714.285714285715
857504 5380.392156862745
858004 5714.285714285715
858504 5380.392156862745
859005 5600.0
859505 5276.923076923077
860005 5600.0
860504 5600.0
861004 5488.0
861504 5488.0
862004 5488.0
862504 5600.0
863004 5600.0
863504 5488.0
864004 5375.999999999999
864504 5600.0
865004 5488.0
865504 5600.0
866004 5600.0
866504 5270.588235294118
867004 5600.0
867504 5712.0
868004 5488.0
868504 5600.0
869004 5600.0
869504 5270.588235294118
870004 5600.0
870504 5490.1960784313715
871004 5600.0
871504 5276.923076923077
872005 5828.571428571428
872504 5488.0
873004 5488.0
873504 5600.0
874004 5488.0
874504 5488.0
875004 5488.0
875504 5488.0
876004 5490.1960784313715
876504 5714.285714285715
877004 5263.999999999999
877504 5488.0
878004 5600.0
878504 5600.0
879004 5600.0
879504 5380.392156862745
880004 5714.285714285715
880504 5270.588235294118
881004 5714.285714285715
881504 5600.0
882004 5488.0
882504 5490.1960784313715
883005 5488.0
883504 5600.0
884004 5276.923076923077
884504 5600.0
885004 5488.0
885504 5714.285714285715
886004 5380.392156862745
886504 5600.0
887005 5490.1960784313715
887504 5488.0
888004 5600.0
888504 5714.285714285715
889004 5270.588235294118
889504 5490.1960784313715
890004 5488.0
890504 5375.999999999999
891005 5714.285714285715
891504 5488.0
892004 5600.0
892504 5600.0
893004 5488.0
893504 5600.0
894005 5169.2307692307695
894504 5600.0
895004 5485.714285714285
895504 5380.392156862745
896004 5714.285714285715
896504 5600.0
897004 5600.0
897504 5375.999999999999
898004 5714.285714285715
898505 5380.392156862745
899005 5714.285714285715
899505 5169.2307692307695
900004 5714.285714285715
900504 5488.0
901004 5488.0
901504 5600.0
902005 5488.0
902504 5488.0
903004 5714.285714285715
903504 5380.392156862745
904004 5485.714285714285
904504 5490.1960784313715
905004 5488.0
905504 5490.1960784313715
906004 5600.0
906504 5380.392156862745
907004 5714.285714285715
907504 5600.0
908004 5488.0
908504 5600.0
909004 5488.0
909504 5488.0
910004 5488.0
910504 5600.0
911004 5488.0
911505 5600.0
912004 5600.0
912504 5380.392156862745
913004 5600.0
913504 5714.285714285715
914004 5488.0
914504 5488.0
915004 5380.392156862745
915504 5714.285714285715
916004 5600.0
916504 5270.588235294118
917004 5600.0
917504 5600.0
918004 5488.0
918504 5600.0
919004 5600.0
919504 5380.392156862745
920004 5714.285714285715
920504 5270.588235294118
921004 5600.0
921504 5714.285714285715
922004 5488.0
922504 5488.0
923004 5384.615384615384
923505 5600.0
924004 5600.0
924504 5375.999999999999
925005 5488.0
925505 5488.0
926004 5712.0
926505 5488.0
927004 5714.285714285715
927504 5488.0
928004 5600.0
928505 5380.392156862745
929004 5490.1960784313715
929504 5600.0
930005 5488.0
930504 5600.0
931004 5600.0
931504 5380.392156862745
932005 5488.0
932504 5600.0
933004 5488.0
933504 5488.0
934004 5490.1960784313715
934504 5714.285714285715
935004 5375.999999999999
935504 5600.0
936005 5488.0
936504 5600.0
937004 5488.0
937504 5600.0
938004 5490.1960784313715
938504 5488.0
939004 5600.0
939504 5488.0
940004 5600.0
940505 5380.392156862745
941005 5600.0
941504 5380.392156862745
942004 5600.0
942504 5600.0
943004 5488.0
943504 5600.0
944005 5488.0
944504 5488.0
945004 5714.285714285715
945504 5488.0
946004 5488.0
946505 5380.392156862745
947004 5714.285714285715
947504 5490.1960784313715
948004 5600.0
948504 5488.0
949005 5490.1960784313715
949504 5600.0
950005 5600.0
950504 5380.392156862745
951004 5490.1960784313715
951504 5485.714285714285
952004 5600.0
952505 5488.0
953004 5600.0
953504 5600.0
954004 5380.392156862745
954505 5714.285714285715
955004 5488.0
955504 5380.392156862745
956004 5600.0
956504 5488.0
957004 5488.0
957504 5600.0
958004 5600.0
958504 5488.0
959005 5488.0
959504 5375.999999999999
960005 5828.571428571428
960505 5380.392156862745
961004 5600.0
961504 5380.392156862745
962005 5714.285714285715
962505 5490.1960784313715
963004 5485.714285714285
963504 5600.0
964005 5169.2307692307695
964505 5714.285714285715
965004 5375.999999999999
965506 5600.0
966004 5375.999999999999
966504 5600.0
967004 5600.0
967504 5380.392156862745
968004 5714.285714285715
968504 5490.1960784313715
969004 5488.0
969504 5488.0
970004 5488.0
970504 5712.0
971004 5488.0
971504 5488.0
972004 5600.0
972504 5488.0
973005 5488.0
973504 5600.0
974004 5380.392156862745
974504 5600.0
975004 5600.0
975504 5488.0
976004 5600.0
976504 5488.0
977004 5488.0
977504 5600.0
978005 5600.0
978505 5490.1960784313715
979004 5600.0
979504 5488.0
980004 5488.0
980504 5600.0
981004 5490.1960784313715
981505 5488.0
982004 5488.0
982504 5488.0
983004 5488.0
983504 5600.0
984004 5380.392156862745
984504 5488.0
985004 5714.285714285715
985504 5488.0
986004 5380.392156862745
986505 5600.0
987004 5375.999999999999
987504 5712.0
988004 5488.0
988504 5488.0
989004 5714.285714285715
989504 5270.588235294118
990004 5600.0
990504 5714.285714285715
991004 5380.392156862745
991504 5488.0
992004 5600.0
992504 5488.0
993004 5714.285714285715
993508 5270.588235294118
994004 5600.0
994504 5380.392156862745
995004 5488.0
995504 5490.1960784313715
996004 5714.285714285715
996505 5380.392156862745
997004 5600.0
997504 5490.1960784313715
998004 5600.0
998504 5380.392156862745
999005 5600.0
999504 5600.0
1000004 5488.0
1000505 5488.0
1001004 5600.0
1001504 5600.0
1002004 5490.1960784313715
1002505 5488.0
1003004 5600.0
1003505 5276.923076923077
1004004 5488.0
1004504 5714.285714285715
1005004 5488.0
1005504 5714.285714285715
1006005 5488.0
1006504 5490.1960784313715
1007004 5714.285714285715
1007504 5270.588235294118
1008005 5600.0
1008505 5488.0
1009004 5600.0
1009504 5490.1960784313715
1010004 5600.0
1010504 5490.1960784313715
1011004 5600.0
1011504 5488.0
1012004 5600.0
1012504 5375.999999999999
1013004 5488.0
1013504 5600.0
1014004 5488.0
1014504 5600.0
1015004 5490.1960784313715
1015505 5600.0
1016005 5488.0
1016504 5600.0
1017004 5488.0
1017505 5488.0
1018004 5490.1960784313715
1018505 5375.999999999999
1019004 5600.0
1019504 5488.0
1020004 5488.0
1020504 5600.0
1021004 5490.1960784313715
1021505 5488.0
1022004 5714.285714285715
1022504 5490.1960784313715
1023005 5485.714285714285
1023504 5488.0
1024004 5380.392156862745
1024504 5488.0
1025004 5375.999999999999
1025504 5600.0
1026004 5488.0
1026505 5600.0
1027004 5488.0
1027504 5375.999999999999
1028004 5714.285714285715
1028504 5270.588235294118
1029004 5488.0
1029504 5488.0
1030004 5600.0
1030505 5600.0
1031004 5600.0
1031504 5380.392156862745
1032004 5714.285714285715
1032504 5600.0
1033004 5276.923076923077
1033504 5600.0
1034004 5600.0
1034504 5488.0
1035004 5488.0
1035504 5600.0
1036005 5488.0
1036504 5488.0
1037004 5714.285714285715
1037504 5380.392156862745
1038004 5600.0
1038504 5488.0
1039004 5600.0
1039504 5375.999999999999
1040005 5600.0
1040504 5488.0
1041004 5600.0
1041504 5488.0
1042004 5600.0
1042505 5488.0
1043004 5712.0
1043505 5485.714285714285
1044004 5380.392156862745
1044504 5600.0
1045004 5490.1960784313715
1045504 5488.0
1046004 5490.1960784313715
1046504 5714.285714285715
1047008 5488.0
1047504 5375.999999999999
1048004 5600.0
1048504 5488.0
1049004 5600.0
1049504 5375.999999999999
1050004 5600.0
1050504 5600.0
1051005 5488.0
1051504 5714.285714285715
1052004 5380.392156862745
1052504 5488.0
1053004 5600.0
1053504 5488.0
1054004 5488.0
1054504 5600.0
1055004 5488.0
1055505 5600.0
1056004 5490.1960784313715
1056504 5600.0
1057004 5488.0
1057504 5488.0
1058004 5600.0
1058504 5600.0
1059004 5488.0
1059505 5600.0
1060004 5488.0
1060504 5380.392156862745
1061004 5714.285714285715
1061505 5380.392156862745
1062004 5600.0
1062504 5490.1960784313715
1063005 5714.285714285715
1063504 5380.392156862745
1064005 5488.0
1064504 5380.392156862745
1065004 5714.285714285715
1065504 5380.392156862745
1066004 5714.285714285715
1066504 5488.0
1067004 5488.0
1067504 5712.0
1068004 5488.0
1068505 5600.0
1069004 5380.392156862745
1069505 5485.714285714285
1070004 5375.999999999999
1070504 5600.0
1071004 5490.1960784313715
1071504 5600.0
1072004 5490.1960784313715
1072504 5488.0
1073004 5488.0
1073504 5600.0
1074004 5488.0
1074504 5600.0
1075004 5488.0
1075504 5488.0
1076004 5488.0
1076504 5488.0
1077004 5600.0
1077504 5600.0
1078004 5488.0
1078504 5490.1960784313715
1079005 5488.0
1079504 5485.714285714285
1080004 5488.0
1080504 5488.0
1081004 5490.1960784313715
1081504 5600.0
1082004 5490.1960784313715
1082504 5600.0
1083004 5380.392156862745
1083504 5600.0
1084004 5488.0
1084504 5600.0
1085005 5488.0
1085504 5375.999999999999
1086004 5600.0
1086504 5490.1960784313715
1087004 5488.0
1087504 5600.0
1088004 5714.285714285715
1088504 5380.392156862745
1089004 5714.285714285715
1089504 5380.392156862745
1090004 5488.0
1090504 5380.392156862745
1091004 5714.285714285715
1091504 5375.999999999999
1092004 5712.0
1092504 5488.0
1093005 5600.0
1093504 5488.0
1094004 5488.0
1094504 5600.0
1095004 5375.999999999999
1095504 5714.285714285715
1096004 5380.392156862745
1096504 5600.0
1097005 5600.0
1097504 5384.615384615384
1098004 5600.0
1098504 5600.0
1099004 5488.0
1099504 5600.0
1100005 5488.0
1100504 5600.0
1101005 5380.392156862745
1101505 5714.285714285715
1102004 5380.392156862745
1102504 5714.285714285715
1103004 5488.0
1103504 5276.923076923077
1104004 5600.0
1104505 5600.0
1105004 5488.0
1105504 5488.0
1106005 5600.0
1106504 5488.0
1107004 5600.0
1107504 5380.392156862745
1108004 5714.285714285715
1108504 5380.392156862745
1109004 5600.0
1109505 5488.0
1110004 5600.0
1110504 5276.923076923077
1111004 5714.285714285715
1111504 5488.0
1112004 5600.0
1112504 5488.0
1113004 5488.0
1113505 5600.0
1114004 5600.0
1114504 5600.0
1115004 5380.392156862745
1115504 5714.285714285715
1116004 5380.392156862745
1116504 5488.0
1117004 5714.285714285715
1117504 5380.392156862745
1118004 5600.0
1118504 5490.1960784313715
1119004 5714.285714285715
1119504 5380.392156862745
1120004 5600.0
1120504 5488.0
1121004 5488.0
1121504 5488.0
1122004 5488.0
1122504 5600.0
1123004 5490.1960784313715
1123505 5714.285714285715
1124004 5375.999999999999
1124504 5714.285714285715
1125005 5380.392156862745
1125504 5488.0
1126004 5714.285714285715
1126504 5600.0
1127004 5375.999999999999
1127504 5490.1960784313715
1128004 5380.392156862745
1128505 5714.285714285715
1129004 5488.0
1129504 5490.1960784313715
1130004 5600.0
1130504 5488.0
1131004 5600.0
1131504 5375.999999999999
1132004 5714.285714285715
1132504 5490.1960784313715
1133004 5485.714285714285
1133504 5490.1960784313715
1134005 5488.0
1134504 5600.0
1135005 5600.0
1135504 5380.392156862745
1136004 5712.0
1136504 5488.0
1137004 5488.0
1137504 5488.0
1138004 5600.0
1138504 5600.0
1139004 5488.0
1139505 5600.0
1140004 5380.392156862745
1140504 5600.0
1141004 5380.392156862745
1141504 5600.0
1142004 5600.0
1142504 5600.0
1143004 5488.0
1143504 5488.0
1144004 5600.0
1144505 5600.0
1145004 5375.999999999999
1145504 5714.285714285715
1146004 5380.392156862745
1146504 5600.0
1147004 5600.0
1147504 5380.392156862745
1148004 5714.285714285715
1148504 5380.392156862745
1149004 5600.0
1149504 5384.615384615384
1150004 5714.285714285715
1150504 5488.0
1151004 5488.0
1151504 5600.0
1152004 5380.392156862745
1152504 5714.285714285715
1153004 5600.0
1153504 5380.392156862745
1154004 5600.0
1154504 5488.0
1155004 5488.0
1155504 5600.0
1156004 5488.0
1156504 5712.0
1157004 5600.0
1157504 5380.392156862745
1158004 5600.0
1158504 5600.0
1159004 5380.392156862745
1159504 5600.0
1160004 5488.0
1160504 5600.0
1161004 5490.1960784313715
1161504 5600.0
1162004 5600.0
1162504 5380.392156862745
1163005 5485.714285714285
1163505 5490.1960784313715
1164004 5488.0
1164504 5600.0
1165004 5276.923076923077
1165504 5714.285714285715
1166004 5490.1960784313715
1166504 5600.0
1167004 5600.0
1167504 5375.999999999999
1168004 5600.0
1168504 5488.0
1169004 5600.0
1169504 5488.0
1170004 5600.0
1170504 5488.0
1171004 5600.0
1171504 5600.0
1172004 5490.1960784313715
1172504 5600.0
1173004 5375.999999999999
1173504 5384.615384615384
1174004 5600.0
1174504 5600.0
1175004 5488.0
1175504 5600.0
1176004 5270.588235294118
1176504 5490.1960784313715
1177004 5485.714285714285
1177504 5600.0
1178004 5600.0
1178504 5488.0
1179004 5600.0
1179504 5488.0
1180004 5490.1960784313715
1180504 5600.0
1181004 5380.392156862745
1181504 5488.0
1182004 5490.1960784313715
1182505 5600.0
1183004 5600.0
1183504 5488.0
1184004 5600.0
1184504 5490.1960784313715
1185004 5600.0
1185504 5380.392156862745
1186005 5600.0
1186504 5600.0
1187004 5600.0
1187504 5490.1960784313715
1188005 5600.0
1188504 5270.588235294118
1189004 5714.285714285715
1189504 5380.392156862745
1190004 5714.285714285715
1190504 5380.392156862745
1191004 5600.0
1191504 5488.0
1192004 5600.0
1192504 5600.0
1193004 5488.0
1193504 5600.0
1194004 5488.0
1194505 5600.0
1195004 5490.1960784313715
1195504 5488.0
1196004 5714.285714285715
1196504 5600.0
1197005 5488.0
1197504 5490.1960784313715
1198004 5600.0
1198504 5380.392156862745
1199004 5488.0
1199504 5600.0
1200005 5488.0
1200504 5488.0
1201004 5490.1960784313715
1201504 5600.0
1202004 5600.0
1202505 5488.0
1203004 5714.285714285715
1203505 5380.392156862745
1204004 5488.0
1204504 5600.0
1205004 5488.0
1205505 5600.0
1206004 5375.999999999999
1206504 5714.285714285715
1207004 5490.1960784313715
1207504 5488.0
1208005 5600.0
1208504 5488.0
1209004 5600.0
1209504 5714.285714285715
1210004 5380.392156862745
1210504 5600.0
1211004 5600.0
1211504 5488.0
1212004 5380.392156862745
1212504 5600.0
1213004 5490.1960784313715
1213504 5600.0
1214004 5488.0
1214504 5488.0
1215004 5600.0
1215504 5600.0
1216004 5488.0
1216504 5490.1960784313715
1217004 5488.0
1217504 5600.0
1218004 5600.0
1218504 5488.0
1219004 5714.285714285715
1219504 5380.392156862745
1220004 5600.0
1220504 5488.0
1221004 5488.0
1221504 5488.0
1222004 5600.0
1222505 5600.0
1223004 5490.1960784313715
1223504 5600.0
1224004 5488.0
1224504 5488.0
1225005 5600.0
1225504 5488.0
1226005 5488.0
1226504 5600.0
1227004 5600.0
1227504 5490.1960784313715
1228004 5714.285714285715
1228505 5380.392156862745
1229004 5488.0
1229504 5488.0
1230004 5714.285714285715
1230504 5380.392156862745
1231004 5600.0
1231504 5490.1960784313715
1232004 5488.0
1232504 5600.0
1233004 5488.0
1233504 5600.0
1234004 5375.999999999999
1234504 5600.0
1235005 5600.0
1235504 5600.0
1236004 5600.0
1236504 5380.392156862745
1237004 5600.0
1237504 5490.1960784313715
1238004 5488.0
1238504 5600.0
1239004 5488.0
1239504 5600.0
1240004 5488.0
1240504 5600.0
1241004 5600.0
1241504 5380.392156862745
1242005 5714.285714285715
1242504 5488.0
1243005 5270.588235294118
1243504 5600.0
1244005 5600.0
1244504 5600.0
1245004 5380.392156862745
1245505 5600.0
1246005 5600.0
1246504 5600.0
1247004 5380.392156862745
1247505 5380.392156862745
1248004 5600.0
1248504 5600.0
1249004 5490.1960784313715
1249504 5600.0
1250004 5600.0
1250504 5488.0
1251004 5488.0
1251504 5600.0
1252004 5375.999999999999
1252504 5488.0
1253004 5712.0
1253504 5488.0
1254004 5488.0
1254504 5600.0
1255005 5488.0
1255504 5488.0
1256005 5600.0
1256504 5488.0
1257004 5714.285714285715
1257504 5380.392156862745
1258005 5488.0
1258504 5714.285714285715
1259004 5380.392156862745
1259504 5712.0
1260004 5488.0
1260504 5600.0
1261004 5488.0
1261504 5488.0
1262004 5488.0
1262504 5488.0
1263004 5828.571428571428
1263504 5270.588235294118
1264004 5712.0
1264504 5485.714285714285
1265004 5490.1960784313715
1265504 5600.0
1266004 5488.0
1266504 5380.392156862745
1267004 5600.0
1267504 5488.0
1268004 5488.0
1268504 5600.0
1269004 5600.0
1269504 5490.1960784313715
1270004 5600.0
1270504 5600.0
1271004 5488.0
1271504 5276.923076923077
1272004 5600.0
1272504 5380.392156862745
1273004 5828.571428571428
1273504 5488.0
1274004 5488.0
1274504 5488.0
1275004 5600.0
1275504 5488.0
1276004 5600.0
1276504 5488.0
1277004 5488.0
1277504 5600.0
1278004 5488.0
1278504 5600.0
1279004 5600.0
1279504 5490.1960784313715
1280004 5488.0
1280504 5488.0
1281004 5490.1960784313715
1281504 5600.0
1282005 5600.0
1282504 5488.0
1283005 5600.0
1283504 5488.0
1284004 5488.0
1284504 5600.0
1285004 5600.0
1285504 5488.0
1286004 5488.0
1286504 5488.0
1287004 5600.0
1287504 5488.0
1288005 5600.0
1288504 5488.0
1289004 5488.0
1289504 5600.0
1290004 5600.0
1290504 5488.0
1291004 5488.0
1291505 5600.0
1292004 5714.285714285715
1292504 5380.392156862745
1293004 5488.0
1293504 5600.0
1294004 5488.0
1294504 5600.0
1295004 5600.0
1295504 5380.392156862745
1296005 5380.392156862745
1296504 5714.285714285715
1297004 5488.0
1297504 5488.0
1298004 5712.0
1298504 5488.0
1299004 5600.0
1299504 5600.0
1300004 5270.588235294118
1300505 5828.571428571428
1301004 5270.588235294118
1301504 5600.0
1302004 5600.0
1302504 5488.0
1303004 5488.0
1303505 5600.0
1304004 5600.0
1304504 5380.392156862745
1305004 5714.285714285715
1305504 5600.0
1306004 5380.392156862745
1306504 5600.0
1307004 5600.0
1307504 5270.588235294118
1308004 5263.999999999999
1308504 5488.0
1309004 5714.285714285715
1309504 5380.392156862745
1310004 5600.0
1310504 5490.1960784313715
1311005 5485.714285714285
1311505 5490.1960784313715
1312005 5488.0
1312504 5600.0
1313004 5488.0
1313504 5488.0
1314004 5490.1960784313715
1314504 5833.333333333333
1315004 5380.392156862745
1315504 5600.0
1316004 5380.392156862745
1316504 5714.285714285715
1317004 5380.392156862745
1317504 5600.0
1318004 5375.999999999999
1318504 5712.0
1319004 5488.0
1319504 5488.0
1320004 5600.0
1320505 5488.0
1321004 5600.0
1321504 5488.0
1322004 5488.0
1322504 5714.285714285715
1323004 5380.392156862745
1323504 5600.0
1324004 5488.0
1324504 5488.0
1325004 5600.0
1325504 5488.0
1326004 5488.0
1326504 5488.0
1327004 5714.285714285715
1327504 5488.0
1328004 5380.392156862745
1328504 5600.0
1329004 5488.0
1329504 5600.0
1330004 5490.1960784313715
1330504 5488.0
1331004 5490.1960784313715
1331505 5600.0
1332004 5600.0
1332504 5488.0
1333004 5600.0
1333504 5600.0
1334004 5375.999999999999
1334504 5485.714285714285
1335004 5490.1960784313715
1335504 5600.0
1336004 5380.392156862745
1336504 5600.0
1337004 5380.392156862745
1337505 5714.285714285715
1338004 5488.0
1338504 5600.0
1339004 5488.0
1339504 5488.0
1340004 5600.0
1340504 5488.0
1341004 5488.0
1341504 5600.0
1342004 5600.0
1342504 5600.0
1343004 5600.0
1343504 5600.0
1344004 5270.588235294118
1344504 5714.285714285715
1345004 5380.392156862745
1345504 5490.1960784313715
1346004 5600.0
1346504 5380.392156862745
1347004 5714.285714285715
1347505 5488.0
1348005 5600.0
1348504 5600.0
1349004 5375.999999999999
1349504 5600.0
1350004 5488.0
1350504 5714.285714285715
1351004 5380.392156862745
1351504 5600.0
1352004 5600.0
1352504 5380.392156862745
1353004 5828.571428571428
1353504 5270.588235294118
1354004 5714.285714285715
1354504 5276.923076923077
1355004 5714.285714285715
1355504 5490.1960784313715
1356005 5600.0
1356504 5600.0
1357004 5600.0
1357504 5488.0
1358004 5488.0
1358504 5490.1960784313715
1359004 5488.0
1359504 5488.0
1360004 5600.0
1360504 5600.0
1361004 5380.392156862745
1361504 5600.0
1362004 5600.0
1362505 5600.0
1363004 5488.0
1363504 5600.0
1364004 5600.0
1364504 5490.1960784313715
1365004 5600.0
1365504 5488.0
1366004 5490.1960784313715
1366504 5600.0
1367004 5276.923076923077
1367504 5600.0
1368004 5488.0
1368505 5600.0
1369005 5488.0
1369505 5600.0
1370004 5380.392156862745
1370504 5600.0
1371004 5488.0
1371504 5490.1960784313715
1372004 5600.0
1372504 5488.0
1373004 5600.0
1373504 5488.0
1374004 5600.0
1374504 5488.0
1375004 5712.0
1375504 5600.0
1376004 5488.0
1376504 5380.392156862745
1377004 5380.392156862745
1377504 5485.714285714285
1378004 5600.0
1378504 5488.0
1379004 5600.0
1379505 5600.0
1380004 5375.999999999999
1380504 5600.0
1381005 5600.0
1381504 5380.392156862745
1382004 5714.285714285715
1382504 5380.392156862745
1383004 5488.0
1383504 5600.0
1384004 5600.0
1384504 5488.0
1385004 5600.0
1385504 5488.0
1386004 5600.0
1386505 5490.1960784313715
1387004 5600.0
1387505 5490.1960784313715
1388004 5488.0
1388504 5600.0
1389004 5490.1960784313715
1389504 5600.0
1390004 5600.0
1390504 5488.0
1391004 5600.0
1391504 5488.0
1392004 5380.392156862745
1392504 5600.0
1393004 5488.0
1393504 5600.0
1394004 5488.0
1394504 5488.0
1395004 5600.0
1395504 5600.0
1396004 5600.0
1396504 5488.0
1397004 5490.1960784313715
1397504 5600.0
1398005 5488.0
1398504 5488.0
1399004 5600.0
1399504 5488.0
1400004 5600.0
1400504 5490.1960784313715
1401004 5485.714285714285
1401504 5600.0
1402004 5490.1960784313715
1402504 5485.714285714285
1403004 5488.0
1403504 5490.1960784313715
1404005 5600.0
1404504 5600.0
1405004 5600.0
1405504 5488.0
1406004 5488.0
1406504 5600.0
1407004 5600.0
1407504 5380.392156862745
1408005 5488.0
1408505 5714.285714285715
1409004 5380.392156862745
1409504 5600.0
1410004 5490.1960784313715
1410504 5488.0
1411004 5488.0
1411504 5600.0
1412004 5600.0
1412504 5488.0
1413004 5600.0
1413504 5488.0
1414004 5488.0
1414505 5600.0
1415004 5488.0
1415504 5600.0
1416004 5488.0
1416505 5714.285714285715
1417004 5380.392156862745
1417504 5600.0
1418004 5600.0
1418504 5380.392156862745
1419004 5488.0
1419504 5600.0
1420004 5600.0
1420505 5375.999999999999
1421004 5600.0
1421504 5600.0
1422004 5488.0
1422504 5490.1960784313715
1423004 5600.0
1423504 5490.1960784313715
1424004 5488.0
1424504 5600.0
1425004 5600.0
1425504 5488.0
1426004 5490.1960784313715
1426504 5488.0
1427004 5600.0
1427504 5488.0
1428004 5488.0
1428504 5600.0
1429004 5600.0
1429504 5600.0
1430004 5380.392156862745
1430505 5714.285714285715
1431005 5380.392156862745
1431504 5714.285714285715
1432004 5380.392156862745
1432504 5488.0
1433004 5600.0
1433504 5600.0
1434005 5276.923076923077
1434505 5714.285714285715
1435004 5600.0
1435504 5380.392156862745
1436004 5714.285714285715
1436504 5485.714285714285
1437004 5490.1960784313715
1437504 5488.0
1438004 5600.0
1438504 5490.1960784313715
1439004 5488.0
1439504 5600.0
1440005 5600.0
1440504 5384.615384615384
1441004 5600.0
1441504 5488.0
1442004 5600.0
1442504 5488.0
1443004 5488.0
1443504 5600.0
1444004 5488.0
1444504 5488.0
1445004 5490.1960784313715
1445504 5714.285714285715
1446004 5488.0
1446504 5600.0
1447004 5488.0
1447504 5375.999999999999
1448004 5488.0
1448504 5488.0
1449004 5600.0
1449504 5714.285714285715
1450004 5488.0
1450504 5380.392156862745
1451005 5488.0
1451504 5712.0
1452004 5488.0
1452504 5488.0
1453004 5600.0
1453504 5485.714285714285
1454004 5490.1960784313715
1454504 5600.0
1455004 5488.0
1455504 5600.0
1456004 5600.0
1456504 5276.923076923077
1457004 5714.285714285715
1457504 5488.0
1458004 5600.0
1458504 5488.0
1459004 5488.0
1459504 5600.0
1460004 5600.0
