0 799.9999999999999
495 5200.0
1004 5040.0
1504 5380.392156862745
2004 1343.9999999999998
2504 0.0
3004 335.99999999999994
3505 0.0
3995 5040.0
4505 5380.392156862745
5004 5600.0
5504 5485.714285714285
6004 5270.588235294118
6504 5600.0
7004 5270.588235294118
7504 5488.0
8004 5488.0
8504 5380.392156862745
9004 5485.714285714285
9505 2127.9999999999995
10005 0.0
10504 4032.0
11004 5375.999999999999
11504 3472.0
12004 0.0
12504 0.0
13004 223.99999999999997
13505 0.0
14004 658.8235294117648
14504 5488.0
15004 5270.588235294118
15504 5600.0
16004 5380.392156862745
16504 5485.714285714285
17004 5488.0
17504 5600.0
18005 5488.0
18504 5380.392156862745
19005 5488.0
19504 5600.0
20004 5380.392156862745
20504 5375.999999999999
21004 5488.0
21505 5600.0
22004 5488.0
22504 5488.0
23004 5380.392156862745
23504 5488.0
24004 5600.0
24504 5600.0
25005 5375.999999999999
25504 5488.0
26005 5375.999999999999
26504 5380.392156862745
27004 5488.0
27504 5485.714285714285
28005 5380.392156862745
28504 5600.0
29005 5488.0
29504 5488.0
30005 5485.714285714285
30504 5380.392156862745
31005 5488.0
31504 5600.0
32005 5488.0
32504 5488.0
33004 5380.392156862745
33504 5600.0
34004 5263.999999999999
34504 5375.999999999999
35004 5488.0
35504 5375.999999999999
36004 5375.999999999999
36504 5600.0
37004 5380.392156862745
37504 5485.714285714285
38004 5488.0
38504 5488.0
39005 5160.7843137254895
39504 5488.0
40004 5488.0
40504 5375.999999999999
41004 5600.0
41505 5488.0
42004 5263.999999999999
42505 5600.0
43004 5270.588235294118
43504 5600.0
44005 5380.392156862745
44504 5600.0
45004 5488.0
45505 5375.999999999999
46004 5375.999999999999
46504 5380.392156862745
47004 5488.0
47504 5375.999999999999
48004 5600.0
48504 5488.0
49005 5488.0
49504 5380.392156862745
50004 5485.714285714285
50504 5488.0
51004 5263.999999999999
51504 5600.0
52004 5488.0
52504 5488.0
53004 5380.392156862745
53505 5485.714285714285
54004 5600.0
54504 5488.0
55004 5600.0
55504 5375.999999999999
56004 5375.999999999999
56504 5380.392156862745
57004 5600.0
57504 5488.0
58004 5488.0
58504 5600.0
59005 5488.0
59504 5488.0
60004 5270.588235294118
60504 5600.0
61004 5375.999999999999
61504 5488.0
62004 5600.0
62504 5600.0
63004 5488.0
63505 5490.1960784313715
64004 5488.0
64505 5485.714285714285
65004 5488.0
65504 5488.0
66004 5488.0
66504 5380.392156862745
67004 5488.0
67504 5714.285714285715
68004 5270.588235294118
68505 5714.285714285715
69004 5375.999999999999
69505 5600.0
70004 5375.999999999999
70505 5488.0
71004 5375.999999999999
71504 5380.392156862745
72004 5488.0
72505 5375.999999999999
73004 5488.0
73505 5485.714285714285
74004 5488.0
74504 5488.0
75004 5488.0
75505 5375.999999999999
76004 5488.0
76504 5375.999999999999
77004 5375.999999999999
77504 5380.392156862745
78004 5488.0
78505 5600.0
79004 5375.999999999999
79505 5600.0
80004 5375.999999999999
80504 5600.0
81004 5488.0
81504 5490.1960784313715
82004 5600.0
82505 5380.392156862745
83004 5600.0
83505 5488.0
84004 5490.1960784313715
84504 5375.999999999999
85004 5488.0
85505 5714.285714285715
86004 5375.999999999999
86504 5380.392156862745
87004 5488.0
87504 5488.0
88005 5714.285714285715
88504 5380.392156862745
89004 5375.999999999999
89505 5714.285714285715
90004 5375.999999999999
90504 5488.0
91004 5600.0
91504 5375.999999999999
92004 5600.0
92504 5488.0
93004 5488.0
93504 5488.0
94004 5488.0
94504 5380.392156862745
95004 5488.0
95504 5714.285714285715
96004 5380.392156862745
96504 5485.714285714285
97004 5380.392156862745
97504 5600.0
98004 5380.392156862745
98504 5600.0
99004 5488.0
99504 5490.1960784313715
100004 5485.714285714285
100504 5488.0
101004 5488.0
101504 5488.0
102004 5488.0
102504 5488.0
103004 5380.392156862745
103504 5600.0
104004 5600.0
104505 5380.392156862745
105004 5488.0
105504 5600.0
106004 5380.392156862745
106505 5600.0
107004 5488.0
107504 5375.999999999999
108004 5600.0
108504 5488.0
109004 5488.0
109504 5380.392156862745
110004 5375.999999999999
110504 5600.0
111004 5488.0
111504 5270.588235294118
112004 5714.285714285715
112504 5488.0
113004 5380.392156862745
113505 5714.285714285715
114004 5270.588235294118
114504 5600.0
115004 5488.0
115504 5488.0
116004 5600.0
116504 5488.0
117004 5488.0
117505 5488.0
118004 5490.1960784313715
118505 5488.0
119004 5488.0
119505 5488.0
120004 5600.0
120504 5490.1960784313715
121004 5375.999999999999
121504 5488.0
122005 5714.285714285715
122504 5270.588235294118
123004 5600.0
123504 5490.1960784313715
124004 5600.0
124504 5270.588235294118
125004 5714.285714285715
125505 5488.0
126004 5488.0
126505 5488.0
127004 5488.0
127504 5488.0
128004 5380.392156862745
128504 5600.0
129004 5380.392156862745
129504 5600.0
130004 5488.0
130504 5488.0
131004 5490.1960784313715
131504 5375.999999999999
132005 5488.0
132505 5714.285714285715
133004 5488.0
133504 5380.392156862745
134004 5488.0
134504 5488.0
135004 5600.0
135504 5600.0
136004 5380.392156862745
136505 5488.0
137004 5488.0
137504 5375.999999999999
138004 5488.0
138504 5600.0
139004 5485.714285714285
139504 5600.0
140004 5375.999999999999
140504 5488.0
141004 5490.1960784313715
141504 5488.0
142004 5485.714285714285
142504 5488.0
143004 5380.392156862745
143504 5600.0
144004 5600.0
144504 5488.0
145004 5488.0
145504 5488.0
146005 5488.0
146505 5488.0
147005 5488.0
147504 5380.392156862745
148005 5488.0
148504 5488.0
149005 5488.0
149504 5600.0
150004 5270.588235294118
150505 5488.0
151004 5714.285714285715
151505 5600.0
152005 5375.999999999999
152504 5488.0
153004 5488.0
153505 5600.0
154004 5488.0
154505 5380.392156862745
155004 5600.0
155504 5488.0
156004 5600.0
156504 5488.0
157004 5600.0
157504 5488.0
158004 5600.0
158504 5380.392156862745
159004 5600.0
159504 5380.392156862745
160004 5485.714285714285
160504 5488.0
161004 5600.0
161504 5488.0
162004 5488.0
162504 5712.0
163004 5375.999999999999
163504 5488.0
164004 5375.999999999999
164504 5380.392156862745
165004 5488.0
165504 5714.285714285715
166004 5488.0
166504 5600.0
167004 5488.0
167504 5488.0
168004 5600.0
168504 5488.0
169004 5380.392156862745
169505 5488.0
170004 5485.714285714285
170504 5490.1960784313715
171004 5488.0
171504 5600.0
172004 5600.0
172504 5488.0
173004 5600.0
173504 5380.392156862745
174004 5375.999999999999
174504 5714.285714285715
175004 5488.0
175504 5375.999999999999
176004 5490.1960784313715
176504 5488.0
177004 5600.0
177504 5488.0
178004 5714.285714285715
178504 5375.999999999999
179004 5490.1960784313715
179505 5488.0
180004 5600.0
180504 5600.0
181004 5488.0
181504 5488.0
182004 5600.0
182504 5488.0
183004 5488.0
183504 5488.0
184004 5488.0
184504 5380.392156862745
185004 5714.285714285715
185504 5380.392156862745
186005 5488.0
186494 5485.714285714285
187004 5712.0
187504 5488.0
188004 5488.0
188504 5488.0
189004 5380.392156862745
189504 5600.0
190004 5380.392156862745
190504 5600.0
191004 5488.0
191505 5600.0
192004 5488.0
192505 5490.1960784313715
193005 5488.0
193505 5600.0
194004 5600.0
194504 5380.392156862745
195004 5485.714285714285
195504 5488.0
196004 5490.1960784313715
196504 5488.0
197004 5488.0
197504 5600.0
198004 5600.0
198504 5600.0
199004 5380.392156862745
199504 5488.0
200004 5488.0
200505 5485.714285714285
201004 5488.0
201505 5712.0
202005 5488.0
202505 5488.0
203005 5600.0
203504 5380.392156862745
204005 5488.0
204505 5488.0
205005 5488.0
205505 5488.0
206005 5375.999999999999
206505 5600.0
207005 5375.999999999999
207504 5488.0
208004 5600.0
208504 5600.0
209004 5490.1960784313715
209504 5375.999999999999
210004 5600.0
210504 5488.0
211005 5488.0
211504 5380.392156862745
212004 5600.0
212504 5600.0
213004 5488.0
213504 5488.0
214004 5600.0
214504 5488.0
215004 5375.999999999999
215504 5600.0
216004 5488.0
216504 5380.392156862745
217004 5714.285714285715
217504 5488.0
218004 5488.0
218504 5600.0
219004 5488.0
219504 5488.0
220004 5600.0
220504 5375.999999999999
221004 5488.0
221504 5600.0
222004 5380.392156862745
222504 5600.0
223004 5600.0
223504 5488.0
224004 5488.0
224505 5600.0
225004 5380.392156862745
225504 5600.0
226004 5488.0
226504 5380.392156862745
227004 5600.0
227504 5600.0
228004 5488.0
228504 5490.1960784313715
229004 5600.0
229504 5380.392156862745
230004 5488.0
230504 5375.999999999999
231004 5828.571428571428
231504 5375.999999999999
232004 5488.0
232504 5600.0
233004 5375.999999999999
233504 5380.392156862745
234004 5714.285714285715
234504 5375.999999999999
235004 5488.0
235505 5600.0
236005 5375.999999999999
236504 5490.1960784313715
237005 5600.0
237504 5488.0
238004 5488.0
238504 5600.0
239005 5488.0
239504 5600.0
240004 5380.392156862745
240505 5714.285714285715
241004 5488.0
241504 5488.0
242004 5488.0
242504 5488.0
243004 5600.0
243504 5488.0
244004 5600.0
244504 5488.0
245004 5380.392156862745
245504 5600.0
246004 5380.392156862745
246504 5488.0
247004 5600.0
247504 5490.1960784313715
248004 5488.0
248504 5714.285714285715
249005 5488.0
249504 5488.0
250004 5380.392156862745
250504 5488.0
251004 5488.0
251504 5714.285714285715
252004 5380.392156862745
252504 5600.0
253004 5488.0
253504 5600.0
254004 5488.0
254504 5600.0
255004 5270.588235294118
255504 5600.0
256004 5600.0
256504 5380.392156862745
257004 5488.0
257504 5600.0
258005 5488.0
258504 5600.0
259004 5375.999999999999
259504 5714.285714285715
260004 5488.0
260504 5600.0
261004 5488.0
261504 5488.0
262004 5488.0
262504 5488.0
263004 5600.0
263504 5488.0
264004 5488.0
264504 5714.285714285715
265004 5380.392156862745
265504 5488.0
266004 5380.392156862745
266504 5600.0
267004 5488.0
267504 5600.0
268004 5488.0
268504 5600.0
269004 5270.588235294118
269504 5714.285714285715
270004 5488.0
270504 5488.0
271005 5712.0
271504 5375.999999999999
272004 5600.0
272504 5384.615384615384
273004 5488.0
273504 5600.0
274005 5488.0
274504 5600.0
275004 5600.0
275504 5380.392156862745
276004 5485.714285714285
276504 5488.0
277004 5270.588235294118
277504 5714.285714285715
278004 5600.0
278504 5488.0
279004 5375.999999999999
279504 5712.0
280005 5488.0
280504 5375.999999999999
281004 5600.0
281504 5490.1960784313715
282004 5488.0
282504 5488.0
283005 5488.0
283505 5600.0
284005 5488.0
284504 5488.0
285005 5714.285714285715
285505 5488.0
286005 5488.0
286504 5488.0
287004 5488.0
287504 5490.1960784313715
288004 5488.0
288504 5488.0
289004 5600.0
289504 5485.714285714285
290004 5380.392156862745
290504 5488.0
291004 5714.285714285715
291504 5490.1960784313715
292004 5600.0
292505 5380.392156862745
293004 5714.285714285715
293504 5488.0
294004 5488.0
294504 5488.0
295004 5380.392156862745
295504 5714.285714285715
296004 5380.392156862745
296504 5600.0
297005 5490.1960784313715
297505 5375.999999999999
298005 5600.0
298505 5714.285714285715
299004 5380.392156862745
299504 5488.0
300004 5714.285714285715
300504 5270.588235294118
301004 5600.0
301504 5488.0
302004 5600.0
302504 5375.999999999999
303004 5488.0
303504 5490.1960784313715
304004 5600.0
304504 5600.0
305005 5380.392156862745
305504 4914.285714285714
306004 5488.0
306504 5380.392156862745
307004 5600.0
307504 5488.0
308004 5488.0
308504 5490.1960784313715
309004 5488.0
309504 5600.0
310004 5375.999999999999
310504 5714.285714285715
311004 5380.392156862745
311504 5600.0
312004 5488.0
312504 5488.0
313004 5600.0
313504 5600.0
314004 5488.0
314504 5050.980392156863
315005 5600.0
315505 5490.1960784313715
316005 5600.0
316504 5380.392156862745
317004 5828.571428571428
317504 5380.392156862745
318004 5600.0
318504 5488.0
319004 5488.0
319504 5488.0
320004 5488.0
320504 5600.0
321004 5600.0
321504 5488.0
322004 5488.0
322504 5488.0
323004 5714.285714285715
323504 5380.392156862745
324004 5380.392156862745
324504 5600.0
325004 5600.0
325504 5380.392156862745
326004 5600.0
326504 5488.0
327004 5488.0
327504 5600.0
328004 5488.0
328504 5488.0
329004 5375.999999999999
329504 5380.392156862745
330004 5375.999999999999
330504 5600.0
331004 5600.0
331504 5380.392156862745
332004 5600.0
332504 5490.1960784313715
333005 5600.0
333504 5488.0
334004 5488.0
334504 5600.0
335004 5488.0
335504 5375.999999999999
336004 5490.1960784313715
336504 5488.0
337004 5488.0
337504 5712.0
338004 5488.0
338504 5488.0
339005 5488.0
339504 5375.999999999999
340005 5714.285714285715
340505 5488.0
341005 5600.0
341504 5375.999999999999
342004 5488.0
342504 5488.0
343004 5600.0
343504 5600.0
344004 5488.0
344504 5270.588235294118
345004 5600.0
345504 5380.392156862745
346004 5488.0
346504 5714.285714285715
347004 5375.999999999999
347504 5488.0
348004 5600.0
348504 5488.0
349004 5488.0
349504 5600.0
350004 5270.588235294118
350504 5488.0
351004 5714.285714285715
351505 5488.0
352004 5380.392156862745
352505 5600.0
353005 5488.0
353505 5714.285714285715
354004 5488.0
354504 5488.0
355004 5600.0
355505 5270.588235294118
356004 5714.285714285715
356504 5488.0
357004 5600.0
357504 5488.0
358005 5488.0
358504 5600.0
359005 5488.0
359505 5488.0
360005 5488.0
360505 5380.392156862745
361005 5600.0
361504 5380.392156862745
362005 5828.571428571428
362505 5488.0
363005 5488.0
363504 5600.0
364004 5488.0
364504 5380.392156862745
365004 5600.0
365504 5488.0
366004 5488.0
366504 5490.1960784313715
367004 5714.285714285715
367504 5380.392156862745
368004 5488.0
368504 5600.0
369004 5488.0
369504 5600.0
370004 5380.392156862745
370504 5488.0
371004 5600.0
371504 5490.1960784313715
372004 5488.0
372504 5712.0
373004 5600.0
373504 5488.0
374004 5488.0
374504 5600.0
375005 5600.0
375504 5375.999999999999
376004 5488.0
376504 5380.392156862745
377004 5714.285714285715
377504 5488.0
378004 5380.392156862745
378504 5600.0
379004 5600.0
379504 5488.0
380004 5380.392156862745
380504 5488.0
381004 5714.285714285715
381504 5375.999999999999
382004 5490.1960784313715
382504 5714.285714285715
383004 5375.999999999999
383504 5712.0
384004 5375.999999999999
384504 5600.0
385004 5488.0
385504 5488.0
386004 5380.392156862745
386504 5488.0
387004 5485.714285714285
387504 5490.1960784313715
388004 5488.0
388504 5714.285714285715
389004 5488.0
389504 5600.0
390004 5380.392156862745
390504 5488.0
391004 5488.0
391504 5488.0
392004 5714.285714285715
392504 5488.0
393004 5490.1960784313715
393504 5488.0
394004 5488.0
394504 5488.0
395004 5600.0
395504 5488.0
396004 5600.0
396504 5488.0
397004 5380.392156862745
397504 5488.0
398004 5600.0
398504 5488.0
399004 5600.0
399504 5488.0
400004 5488.0
400504 5488.0
401004 5380.392156862745
401504 5600.0
402004 5600.0
402504 5488.0
403004 5488.0
403504 5600.0
404004 5380.392156862745
404504 5600.0
405004 5600.0
405504 5488.0
406004 5488.0
406504 5380.392156862745
407004 5600.0
407504 5488.0
408004 5600.0
408504 5488.0
409004 5380.392156862745
409504 5488.0
410004 5714.285714285715
410504 5488.0
411004 5488.0
411504 5488.0
412004 5375.999999999999
412504 5488.0
413004 5600.0
413504 5488.0
414005 5488.0
414505 5600.0
415005 5490.1960784313715
415505 5600.0
416005 5380.392156862745
416505 5375.999999999999
417004 5375.999999999999
417504 5600.0
418004 5488.0
418504 5488.0
419004 5600.0
419504 5488.0
420004 5600.0
420504 5488.0
421004 5380.392156862745
421504 5488.0
422005 5488.0
422505 5600.0
423005 5380.392156862745
423504 5600.0
424005 5600.0
424504 5600.0
425004 5488.0
425504 5488.0
426004 5375.999999999999
426504 5488.0
427004 5380.392156862745
427505 5485.714285714285
428005 5490.1960784313715
428504 5600.0
429005 5490.1960784313715
429504 5488.0
430004 5600.0
430504 5600.0
431004 5488.0
431504 5375.999999999999
432005 5600.0
432505 5488.0
433005 5488.0
433505 5490.1960784313715
434005 5600.0
434505 5600.0
435005 5380.392156862745
435505 5600.0
436004 5488.0
436504 5600.0
437004 5600.0
437504 5488.0
438004 5375.999999999999
438504 5488.0
439004 5490.1960784313715
439504 5600.0
440004 5485.714285714285
440504 5490.1960784313715
441004 5600.0
441504 5488.0
442004 5375.999999999999
442504 5600.0
443004 5485.714285714285
443504 5600.0
444004 5488.0
444504 5375.999999999999
445004 5488.0
445504 5488.0
446004 5380.392156862745
446504 5714.285714285715
447004 5488.0
447504 5488.0
448005 5375.999999999999
448504 5490.1960784313715
449004 5600.0
449504 5380.392156862745
450004 5600.0
450504 5488.0
451004 5490.1960784313715
451504 5488.0
452005 5488.0
452505 5375.999999999999
453005 5714.285714285715
453504 5380.392156862745
454004 5714.285714285715
454504 5488.0
455004 5490.1960784313715
455504 5600.0
456004 5488.0
456504 5488.0
457004 5490.1960784313715
457504 5600.0
458004 5488.0
458504 5488.0
459004 5600.0
459504 5488.0
460004 5600.0
460504 5488.0
461004 5488.0
461504 5490.1960784313715
462004 5485.714285714285
462504 5600.0
463004 5488.0
463504 5270.588235294118
464004 5828.571428571428
464504 5488.0
465004 5488.0
465504 5600.0
466004 5600.0
466504 5375.999999999999
467004 5600.0
467504 5600.0
468004 5600.0
468505 5270.588235294118
469005 5600.0
469504 5488.0
470004 5488.0
470504 5600.0
471004 5600.0
471504 5380.392156862745
472004 5600.0
472504 5488.0
473004 5488.0
473504 5488.0
474004 5600.0
474504 5488.0
475004 5600.0
475504 5490.1960784313715
476004 5485.714285714285
476505 5600.0
477005 5600.0
477505 5380.392156862745
478004 5600.0
478504 5375.999999999999
479004 5488.0
479504 5600.0
480004 5488.0
480504 5488.0
481004 5600.0
481504 5488.0
482004 5488.0
482504 5488.0
483004 5488.0
483504 5600.0
484004 5380.392156862745
484504 5488.0
485004 5600.0
485504 5600.0
486005 5380.392156862745
486504 5488.0
487004 5488.0
487505 5600.0
488004 5600.0
488504 5270.588235294118
489005 5714.285714285715
489504 5380.392156862745
490004 5375.999999999999
490504 5714.285714285715
491004 5490.1960784313715
491504 5600.0
492004 5488.0
492504 5600.0
493004 5600.0
493504 5380.392156862745
494004 5380.392156862745
494504 5714.285714285715
495004 5600.0
495504 5488.0
496004 5600.0
496504 5488.0
497004 5488.0
497504 4392.156862745098
498004 5375.999999999999
498505 5485.714285714285
499004 5600.0
499504 5375.999999999999
500004 5600.0
500504 5160.7843137254895
501004 5375.999999999999
501504 5600.0
502004 5600.0
502504 5714.285714285715
503004 5375.999999999999
503505 5600.0
504005 5380.392156862745
504505 5714.285714285715
505005 5375.999999999999
505505 5488.0
506005 5600.0
506505 5600.0
507004 5375.999999999999
507505 5712.0
508004 5488.0
508505 5380.392156862745
509004 5600.0
509504 5371.428571428571
510004 5380.392156862745
510504 5488.0
511004 5600.0
511504 5380.392156862745
512004 5714.285714285715
512504 5600.0
513004 5488.0
513504 5600.0
514004 5488.0
514504 5270.588235294118
515004 5600.0
515504 5490.1960784313715
516004 5600.0
516504 5600.0
517004 5488.0
517504 5490.1960784313715
518004 5600.0
518504 5490.1960784313715
519004 5600.0
519504 5375.999999999999
520004 5380.392156862745
520504 5600.0
521004 5380.392156862745
521504 5714.285714285715
522004 5488.0
522504 5488.0
523004 5600.0
523504 5488.0
524004 5488.0
524504 5380.392156862745
525004 5488.0
525504 5488.0
526004 5488.0
526504 5488.0
527004 5828.571428571428
527504 5488.0
528004 5600.0
528505 5488.0
529005 5600.0
529504 5488.0
530004 5488.0
530505 5488.0
531004 5490.1960784313715
531504 5485.714285714285
532004 5380.392156862745
532504 5600.0
533004 5600.0
533504 5600.0
534004 5488.0
534504 5600.0
535004 5488.0
535504 5263.999999999999
536004 5375.999999999999
536504 5490.1960784313715
537004 5600.0
537504 5600.0
538004 5380.392156862745
538504 5714.285714285715
539005 5600.0
539505 5380.392156862745
540004 5714.285714285715
540505 5375.999999999999
541004 5488.0
541505 5380.392156862745
542004 5600.0
542504 5490.1960784313715
543004 5600.0
543504 5488.0
544004 5600.0
544504 5600.0
545004 5488.0
545504 5488.0
546004 5488.0
546504 5600.0
547004 5375.999999999999
547504 5600.0
548004 5488.0
548504 5600.0
549004 5380.392156862745
549504 5600.0
550004 5488.0
550504 5714.285714285715
551004 5380.392156862745
551504 5485.714285714285
552004 5488.0
552504 5600.0
553004 5600.0
553504 5488.0
554004 5488.0
554504 5600.0
555004 5488.0
555504 5488.0
556004 5375.999999999999
556504 5488.0
557004 5380.392156862745
557504 5714.285714285715
558004 5488.0
558504 5488.0
559004 5600.0
559504 5488.0
560005 5488.0
560504 5600.0
561004 5600.0
561505 5375.999999999999
562004 5488.0
562505 5600.0
563004 5270.588235294118
563504 5712.0
564004 5375.999999999999
564504 5712.0
565004 5488.0
565504 5714.285714285715
566004 5270.588235294118
566504 5600.0
567005 5600.0
567504 5270.588235294118
568005 5600.0
568505 5600.0
569004 5375.999999999999
569504 5712.0
570004 5600.0
570504 5488.0
571004 5488.0
571504 5490.1960784313715
572004 5600.0
572504 5375.999999999999
573004 5600.0
573504 5600.0
574004 5488.0
574504 5600.0
575004 5600.0
575504 5488.0
576004 5488.0
576504 5488.0
577006 5380.392156862745
577494 5485.714285714285
578004 5600.0
578504 5488.0
579004 5488.0
579504 5714.285714285715
580004 5488.0
580504 5600.0
581004 5488.0
581504 5490.1960784313715
582004 5485.714285714285
582504 5375.999999999999
583004 5488.0
583505 5488.0
584004 5600.0
584504 5600.0
585004 5488.0
585504 5600.0
586004 5384.615384615384
586504 5600.0
587005 5380.392156862745
587505 5488.0
588004 5600.0
588504 5488.0
589005 5600.0
589504 5488.0
590004 5714.285714285715
590504 5380.392156862745
591004 5714.285714285715
591504 5380.392156862745
592004 5714.285714285715
592504 5375.999999999999
593004 5600.0
593504 5488.0
594004 5375.999999999999
594504 5380.392156862745
595004 5600.0
595504 5600.0
596004 5600.0
596504 5600.0
597004 5375.999999999999
597504 5488.0
598004 5380.392156862745
598504 5600.0
599004 5600.0
599504 5600.0
600004 5380.392156862745
600504 5714.285714285715
601004 5380.392156862745
601504 5600.0
602004 5488.0
602504 5600.0
603004 5380.392156862745
603504 5600.0
604004 5380.392156862745
604504 5714.285714285715
605004 5380.392156862745
605504 5714.285714285715
606004 5488.0
606504 5600.0
607004 5488.0
607504 5488.0
608004 5488.0
608504 5380.392156862745
609004 5600.0
609504 5488.0
610004 5600.0
610504 5490.1960784313715
611004 5600.0
611504 5600.0
612004 5490.1960784313715
612504 5488.0
613004 5600.0
613504 5375.999999999999
614004 5380.392156862745
614504 5828.571428571428
615004 5488.0
615504 5380.392156862745
616004 5600.0
