0 799.9999999999999
494 5180.0
995 4941.176470588234
1494 5600.0
1994 2464.0
2495 0.0
2995 3623.529411764706
3495 671.9999999999999
3994 0.0
4494 223.99999999999997
4994 0.0
5495 0.0
5994 3771.428571428571
6494 5488.0
6994 5375.999999999999
7494 5488.0
7994 5375.999999999999
8495 5488.0
8994 5270.588235294118
9494 5488.0
9994 5488.0
10495 5375.999999999999
10994 5600.0
11495 5488.0
11995 5375.999999999999
12494 5600.0
12994 5270.588235294118
13495 5488.0
13994 5600.0
14495 5270.588235294118
14994 5488.0
15495 5488.0
15994 5375.999999999999
16494 5488.0
16995 5714.285714285715
17494 5375.999999999999
17995 5380.392156862745
18494 5600.0
18995 5485.714285714285
19494 5488.0
19995 5488.0
20494 5488.0
20995 5380.392156862745
21494 5600.0
21995 5375.999999999999
22495 5380.392156862745
22994 5488.0
23495 5488.0
23994 5488.0
24495 5600.0
24994 5375.999999999999
25494 5600.0
25995 5488.0
26494 5488.0
26995 5263.999999999999
27494 5488.0
27995 5488.0
28495 5380.392156862745
28995 5375.999999999999
29494 5488.0
29995 5600.0
30495 5485.714285714285
30994 5380.392156862745
31495 5600.0
31994 5488.0
32494 5600.0
32995 5380.392156862745
33494 5375.999999999999
33994 5485.714285714285
34495 5488.0
34994 5488.0
35495 5488.0
35994 5488.0
36494 5488.0
36994 5488.0
37494 5380.392156862745
37994 5488.0
38495 5488.0
38994 5375.999999999999
39494 5375.999999999999
39994 5600.0
40494 5485.714285714285
40995 5488.0
41494 5488.0
41995 5488.0
42495 5490.1960784313715
42994 5375.999999999999
43495 5488.0
43994 5488.0
44494 5488.0
44994 5488.0
45494 5485.714285714285
45995 5490.1960784313715
46494 5488.0
46995 5488.0
47494 5488.0
47994 5375.999999999999
48495 5600.0
48994 5488.0
49495 5488.0
49994 5488.0
50495 5485.714285714285
50994 5488.0
51495 5600.0
51994 5488.0
52494 5488.0
52994 5488.0
53494 5380.392156862745
53995 5488.0
54495 5488.0
54994 5375.999999999999
55495 5488.0
55994 5488.0
56494 5600.0
56995 5600.0
57495 5488.0
57994 5488.0
58494 5380.392156862745
58994 5600.0
59494 5380.392156862745
59995 5488.0
60494 5488.0
60994 5488.0
61495 5488.0
61994 5600.0
62494 5488.0
62995 5600.0
63494 5380.392156862745
63994 5485.714285714285
64495 5380.392156862745
64994 5488.0
65494 5488.0
65994 5600.0
66494 5488.0
66995 5488.0
67494 5488.0
67994 5600.0
68495 5380.392156862745
68994 5600.0
69494 5488.0
69994 5488.0
70494 5488.0
70995 5270.588235294118
71494 5488.0
71995 5375.999999999999
72495 5600.0
72994 5380.392156862745
73494 5600.0
73995 5488.0
74494 5375.999999999999
74995 5600.0
75494 5270.588235294118
75994 5488.0
76495 5375.999999999999
76994 5714.285714285715
77495 5380.392156862745
77994 5600.0
78495 5488.0
78994 5600.0
79494 5488.0
79994 5488.0
80494 5488.0
80995 5270.588235294118
81494 5488.0
81995 5600.0
82494 5600.0
82995 5380.392156862745
83495 5600.0
83994 5600.0
84495 5375.999999999999
84994 5488.0
85494 5380.392156862745
85995 5488.0
86494 5488.0
86994 5488.0
87494 5600.0
87994 5488.0
88494 5375.999999999999
88995 5714.285714285715
89494 5488.0
89995 5488.0
90494 5488.0
90994 5488.0
91494 5270.588235294118
91994 5488.0
92494 5488.0
92995 5488.0
93494 5375.999999999999
93994 5600.0
94495 5600.0
94996 5375.999999999999
95495 5488.0
95997 5488.0
96494 5488.0
96995 5490.1960784313715
97494 5600.0
97994 5490.1960784313715
98495 5375.999999999999
98994 5714.285714285715
99494 5375.999999999999
99994 5488.0
100494 5380.392156862745
100995 5488.0
101494 5488.0
101994 5714.285714285715
102495 5380.392156862745
102994 5600.0
103494 5380.392156862745
103995 5600.0
104494 5488.0
104995 5600.0
105494 5270.588235294118
105995 5600.0
106494 5488.0
106994 5380.392156862745
107495 5375.999999999999
107994 5600.0
108494 5600.0
108995 5488.0
109494 5375.999999999999
109995 5714.285714285715
110494 5488.0
110994 5488.0
111495 5380.392156862745
111994 5600.0
112495 5488.0
112994 5600.0
113494 5270.588235294118
113995 5600.0
114494 5600.0
114994 5488.0
115495 5488.0
115997 5488.0
116495 5375.999999999999
116994 5600.0
117494 5375.999999999999
117995 5488.0
118494 5600.0
118995 5488.0
119494 5488.0
119994 5380.392156862745
120495 5600.0
120994 5488.0
121494 5375.999999999999
121995 5488.0
122494 5488.0
122994 5600.0
123495 5490.1960784313715
123994 5488.0
124494 5488.0
124995 5488.0
125494 5714.285714285715
125994 5375.999999999999
126494 5488.0
126994 5488.0
127494 5375.999999999999
127995 5600.0
128495 5490.1960784313715
128994 5488.0
129494 5488.0
129994 5600.0
130494 5600.0
130994 5488.0
131494 5488.0
131995 5600.0
132495 5488.0
132995 5375.999999999999
133495 5600.0
133994 5488.0
134494 5600.0
134994 5380.392156862745
135494 5600.0
135994 5488.0
136495 5380.392156862745
136995 5600.0
137495 5490.1960784313715
137995 5600.0
138494 5488.0
138994 5380.392156862745
139494 5600.0
139994 5380.392156862745
140494 5488.0
140994 5488.0
141494 5714.285714285715
141995 5488.0
142495 5380.392156862745
142995 5600.0
143494 5600.0
143994 5488.0
144494 5488.0
144994 5488.0
145494 5490.1960784313715
145995 5488.0
146495 5488.0
146994 5488.0
147494 5375.999999999999
147994 5488.0
148494 5488.0
148995 5600.0
149495 5380.392156862745
149994 5600.0
150494 5488.0
150994 5485.714285714285
151494 5488.0
151994 5490.1960784313715
152494 5600.0
152995 5380.392156862745
153495 5714.285714285715
153995 5488.0
154494 5488.0
154994 5488.0
155494 5488.0
155995 5490.1960784313715
156495 5600.0
156995 5488.0
157494 5375.999999999999
157994 5488.0
158494 5714.285714285715
158994 5488.0
159494 5488.0
159995 5600.0
160495 5488.0
160995 5488.0
161495 5600.0
161995 5488.0
162495 5380.392156862745
162995 5488.0
163495 5714.285714285715
163995 5488.0
164494 5488.0
164994 5380.392156862745
165495 5375.999999999999
165995 5600.0
166495 5488.0
166995 5488.0
167495 5485.714285714285
167995 5488.0
168495 5380.392156862745
168994 5600.0
169494 5488.0
169994 5488.0
170494 5600.0
170994 5488.0
171494 5488.0
171994 5488.0
172495 5380.392156862745
172995 5600.0
173495 5600.0
173995 5270.588235294118
174494 5488.0
174994 5488.0
175494 5488.0
175994 5600.0
176494 5714.285714285715
176995 5488.0
177494 5488.0
177994 5600.0
178494 5375.999999999999
178994 5600.0
179494 5488.0
179994 5488.0
180494 5488.0
180994 5600.0
181494 5488.0
181994 5488.0
182495 5490.1960784313715
182995 5600.0
183495 5488.0
183995 5488.0
184494 5380.392156862745
184994 5600.0
185494 5488.0
185994 5375.999999999999
186494 5714.285714285715
186994 5488.0
187495 5490.1960784313715
187995 5488.0
188495 5488.0
188995 5488.0
189494 5485.714285714285
189994 5488.0
190494 5488.0
190994 5488.0
191494 5600.0
191995 5488.0
192495 5380.392156862745
192994 5600.0
193494 5485.714285714285
193994 5490.1960784313715
194494 5714.285714285715
194994 5270.588235294118
195494 5600.0
195994 5490.1960784313715
196494 5488.0
196994 5488.0
197495 5600.0
197995 5600.0
198495 5490.1960784313715
198994 5488.0
199494 5488.0
199994 5600.0
200494 5270.588235294118
200994 5714.285714285715
201494 5600.0
201995 5488.0
202495 5380.392156862745
202995 5488.0
203495 5714.285714285715
203994 5488.0
204494 5488.0
204994 5380.392156862745
205494 5600.0
205994 5488.0
206495 5600.0
206995 5488.0
207495 5380.392156862745
207994 5714.285714285715
208494 5380.392156862745
208994 5600.0
209494 5488.0
209995 5380.392156862745
210494 5600.0
210994 5380.392156862745
211494 5488.0
211995 5488.0
212495 5600.0
212995 5488.0
213495 5490.1960784313715
213995 5485.714285714285
214494 5270.588235294118
214994 5714.285714285715
215495 5270.588235294118
215995 5600.0
216494 5375.999999999999
216994 5714.285714285715
217494 5488.0
217994 5380.392156862745
218495 5600.0
218994 5600.0
219494 5485.714285714285
219995 5488.0
220494 5488.0
220994 5488.0
221495 5488.0
221995 5600.0
222494 5600.0
222994 5380.392156862745
223494 5488.0
223994 5488.0
224494 5714.285714285715
224994 5380.392156862745
225494 5488.0
225995 5600.0
226495 5600.0
226995 5380.392156862745
227494 5600.0
227994 5600.0
228494 5488.0
228994 5600.0
229495 5380.392156862745
229995 5600.0
230495 5488.0
230994 5380.392156862745
231494 5600.0
231994 5600.0
232494 5490.1960784313715
232994 5488.0
233495 5488.0
233995 5600.0
234495 5375.999999999999
234994 5714.285714285715
235494 5488.0
235994 5490.1960784313715
236494 5600.0
236994 5488.0
237494 5600.0
237994 5488.0
238495 5488.0
238995 5490.1960784313715
239494 5488.0
239994 5488.0
240494 5600.0
240994 5488.0
241494 5375.999999999999
241994 5714.285714285715
242494 5490.1960784313715
242994 5600.0
243495 5375.999999999999
243995 5600.0
244495 5488.0
244995 5490.1960784313715
245494 5485.714285714285
245994 5490.1960784313715
246494 5488.0
246994 5714.285714285715
247494 5270.588235294118
247994 5600.0
248495 5488.0
248995 5488.0
249494 5600.0
249994 5380.392156862745
250495 5488.0
250995 5600.0
251495 5380.392156862745
251995 5600.0
252495 5488.0
252995 5600.0
253494 5488.0
253994 5380.392156862745
254494 5600.0
254995 5488.0
255495 5488.0
255994 5488.0
256494 5600.0
256994 5600.0
257494 5488.0
257995 5600.0
258495 5490.1960784313715
258995 5488.0
259494 5488.0
259994 5600.0
260494 5600.0
260996 5270.588235294118
261494 5600.0
261996 5375.999999999999
262494 5600.0
262994 5488.0
263494 5600.0
263994 5490.1960784313715
264494 5600.0
264994 5488.0
265494 5488.0
265994 5600.0
266494 5375.999999999999
266994 5600.0
267495 5490.1960784313715
267995 5488.0
268494 5488.0
268994 5600.0
269494 5600.0
269994 5380.392156862745
270494 5600.0
270994 5488.0
271494 5375.999999999999
271994 5600.0
272494 5488.0
272994 5600.0
273495 5380.392156862745
273995 5488.0
274495 5488.0
274995 5600.0
275494 5488.0
275994 5488.0
276495 5488.0
276994 5600.0
277495 5375.999999999999
277995 5714.285714285715
278494 5490.1960784313715
278994 5488.0
279494 5600.0
279994 5488.0
280494 5600.0
280995 5488.0
281494 5380.392156862745
281994 5488.0
282494 5488.0
282994 5600.0
283494 5488.0
283995 5600.0
284495 5488.0
284994 5488.0
285494 5600.0
285994 5490.1960784313715
286494 5600.0
286994 5488.0
287494 5380.392156862745
287994 5488.0
288494 5714.285714285715
288994 5490.1960784313715
289495 5600.0
289995 5380.392156862745
290495 5600.0
290994 5600.0
291495 5488.0
291995 5488.0
292495 5380.392156862745
292995 5600.0
293494 5488.0
293994 5488.0
294494 5600.0
294994 5488.0
295494 5600.0
295994 5600.0
296494 5270.588235294118
296994 5714.285714285715
297494 5488.0
297995 5488.0
298495 5380.392156862745
298994 5714.285714285715
299494 5488.0
299994 5490.1960784313715
300494 5488.0
300994 5488.0
301495 5488.0
301995 5488.0
302495 5600.0
302994 5714.285714285715
303494 5380.392156862745
303994 5600.0
304494 5490.1960784313715
304994 5485.714285714285
305494 5600.0
305994 5600.0
306495 5488.0
306995 5488.0
307494 5380.392156862745
307994 5488.0
308494 5600.0
308994 5488.0
309494 5488.0
309995 5485.714285714285
310495 5488.0
310994 5490.1960784313715
311494 5600.0
311994 5488.0
312494 5488.0
312995 5600.0
313495 5600.0
313994 5488.0
314494 5488.0
314994 5380.392156862745
315494 5488.0
315994 5600.0
316494 5375.999999999999
316994 5714.285714285715
317494 5600.0
317995 5488.0
318495 5380.392156862745
318995 5488.0
319495 5714.285714285715
319995 5270.588235294118
320495 5488.0
320995 5714.285714285715
321494 5380.392156862745
321995 5488.0
322495 5488.0
322994 5600.0
323494 5375.999999999999
323994 5714.285714285715
324494 5488.0
324994 5600.0
325495 5488.0
325994 5488.0
326494 5488.0
326994 5488.0
327494 5600.0
327995 5488.0
328495 5490.1960784313715
328995 5600.0
329494 5380.392156862745
329994 5714.285714285715
330494 5375.999999999999
330994 5600.0
331494 5375.999999999999
331994 5600.0
332494 5488.0
332994 5600.0
333495 5380.392156862745
333995 5488.0
334494 5600.0
334994 5600.0
335494 5488.0
335994 5488.0
336495 5600.0
336995 5488.0
337494 5600.0
337994 5380.392156862745
338494 5600.0
338994 5380.392156862745
339495 5712.0
339995 5375.999999999999
340495 5600.0
340995 5488.0
341494 5600.0
341994 5380.392156862745
342494 5600.0
342994 5488.0
343495 5600.0
343994 5488.0
344494 5488.0
344994 5600.0
345495 5380.392156862745
345995 5488.0
346494 5714.285714285715
346994 5375.999999999999
347494 5488.0
347994 5490.1960784313715
348494 5600.0
348994 5490.1960784313715
349495 5600.0
349995 5600.0
350495 5488.0
350995 5380.392156862745
351495 5488.0
351995 5488.0
352494 5714.285714285715
352994 5380.392156862745
353494 5600.0
353994 5490.1960784313715
354495 5488.0
354994 5600.0
355494 5485.714285714285
355995 5600.0
356495 5380.392156862745
356995 5600.0
357495 5488.0
357994 5488.0
358495 5488.0
358995 5600.0
359494 5270.588235294118
359994 5600.0
360494 5485.714285714285
360994 5600.0
361494 5488.0
361994 5380.392156862745
362494 5600.0
362994 5380.392156862745
363495 5600.0
363995 5488.0
364495 5600.0
364995 5488.0
365495 5490.1960784313715
365994 5488.0
366494 5714.285714285715
366994 5375.999999999999
367494 5380.392156862745
367994 5488.0
368494 5828.571428571428
368995 5380.392156862745
369495 5488.0
369995 5600.0
370495 5600.0
370994 5270.588235294118
371494 5600.0
371994 5490.1960784313715
372494 5600.0
372995 5380.392156862745
373495 5714.285714285715
373995 5380.392156862745
374494 5600.0
374994 5488.0
375494 5488.0
375994 5714.285714285715
376495 5375.999999999999
376994 5600.0
377494 5490.1960784313715
377997 5375.999999999999
378495 5600.0
378994 5600.0
379494 5600.0
379994 5488.0
380494 5380.392156862745
380994 5488.0
381494 5488.0
381994 5600.0
382494 5490.1960784313715
382994 5488.0
383495 5714.285714285715
383995 5380.392156862745
384495 5600.0
384994 5488.0
385494 5600.0
385994 5488.0
386494 5488.0
