0 933.3333333333333
493 5066.666666666666
1004 5263.999999999999
1504 5488.0
2003 2016.0
2503 0.0
3004 4255.999999999999
3503 0.0
4003 0.0
4503 223.99999999999997
5003 0.0
5503 0.0
6004 4144.0
6503 5488.0
7003 5488.0
7503 5600.0
8004 5375.999999999999
8503 5488.0
9003 5380.392156862745
9504 5485.714285714285
10003 5375.999999999999
10503 5488.0
11003 5380.392156862745
11503 5488.0
12003 5488.0
12503 5375.999999999999
13003 5600.0
13503 5375.999999999999
14003 5600.0
14503 5375.999999999999
15003 5488.0
15503 5380.392156862745
16003 5375.999999999999
16503 5375.999999999999
17003 5488.0
17503 5488.0
18003 5488.0
18503 5600.0
19003 5375.999999999999
19503 5485.714285714285
20004 5380.392156862745
20503 5488.0
21003 5600.0
21504 5488.0
22003 5488.0
22503 5600.0
23003 5375.999999999999
23504 5600.0
24003 5375.999999999999
24503 5380.392156862745
25004 5600.0
25503 5375.999999999999
26003 5488.0
26504 5488.0
27003 5270.588235294118
27503 5714.285714285715
28003 5488.0
28503 5380.392156862745
29004 5485.714285714285
29504 5488.0
30003 5270.588235294118
30503 5714.285714285715
31004 5375.999999999999
31503 5600.0
32003 5380.392156862745
32504 5600.0
33003 5375.999999999999
33503 5714.285714285715
34003 5380.392156862745
34503 5375.999999999999
35003 5600.0
35504 5488.0
36003 5375.999999999999
36503 5488.0
37004 5488.0
37503 5380.392156862745
38003 5488.0
38503 5600.0
39003 5375.999999999999
39503 5488.0
40003 5485.714285714285
40503 5600.0
41003 5270.588235294118
41503 5600.0
42003 5488.0
42503 5600.0
43004 5488.0
43503 5375.999999999999
44003 5600.0
44503 5600.0
45003 5270.588235294118
45503 5371.428571428571
46003 5600.0
46503 5488.0
47003 5488.0
47503 5488.0
48003 5488.0
48504 5488.0
49003 5375.999999999999
49503 5488.0
50003 5380.392156862745
50503 5488.0
51004 5488.0
51503 5600.0
52003 5600.0
52503 5380.392156862745
53003 5488.0
53503 5485.714285714285
54004 5600.0
54503 5375.999999999999
55003 5488.0
55503 5488.0
56003 5375.999999999999
56504 5488.0
57003 5490.1960784313715
57503 5488.0
58003 5714.285714285715
58503 5375.999999999999
59003 5270.588235294118
59503 5600.0
60003 5375.999999999999
60503 5488.0
61003 5380.392156862745
61503 5714.285714285715
62003 5380.392156862745
62503 5488.0
63004 5600.0
63503 5488.0
64003 5600.0
64503 5375.999999999999
65003 5488.0
65503 5488.0
66003 5375.999999999999
66503 5488.0
67003 5490.1960784313715
67503 5600.0
68003 5380.392156862745
68503 5488.0
69003 5600.0
69503 5488.0
70003 5270.588235294118
70503 5488.0
71003 5488.0
71503 5488.0
72004 5600.0
72503 5485.714285714285
73003 5488.0
73504 5380.392156862745
74003 5600.0
74503 5375.999999999999
75004 5600.0
75503 5375.999999999999
76004 5600.0
76503 5375.999999999999
77003 5600.0
77503 5488.0
78004 5380.392156862745
78503 5488.0
79003 5600.0
79503 5490.1960784313715
80003 5263.999999999999
80503 5600.0
81003 5600.0
81503 5380.392156862745
82004 5714.285714285715
82503 5488.0
83003 5488.0
83503 5380.392156862745
84003 5488.0
84503 5600.0
85004 5380.392156862745
85503 5488.0
86003 5488.0
86503 5375.999999999999
87004 5600.0
87503 5380.392156862745
88003 5488.0
88503 5600.0
89003 5270.588235294118
89504 5488.0
90003 5488.0
90503 5485.714285714285
91003 5488.0
91493 5375.999999999999
92003 5600.0
92503 5600.0
93003 5600.0
93503 5375.999999999999
94003 5488.0
94503 5375.999999999999
95004 5380.392156862745
95503 5488.0
96003 5600.0
96503 5600.0
97003 5380.392156862745
97503 5488.0
98003 5600.0
98503 5375.999999999999
99003 5600.0
99504 5488.0
100003 5371.428571428571
100503 5600.0
101003 5375.999999999999
101503 5600.0
102003 5380.392156862745
102503 5600.0
103003 5375.999999999999
103503 5488.0
104003 5600.0
104504 5375.999999999999
105003 5600.0
105503 5485.714285714285
106003 5380.392156862745
106503 5488.0
107004 5600.0
107503 5488.0
108003 5600.0
108503 5488.0
109003 5488.0
109503 5375.999999999999
110003 5488.0
110503 5600.0
111003 5488.0
111504 5488.0
112003 5600.0
112503 5488.0
113003 5488.0
113503 5600.0
114003 5276.923076923077
114503 5375.999999999999
115003 5600.0
115503 5488.0
116003 5488.0
116503 5380.392156862745
117003 5600.0
117503 5380.392156862745
118003 5488.0
118503 5600.0
119003 5485.714285714285
119503 5600.0
120003 5380.392156862745
120503 5600.0
121003 5488.0
121503 5600.0
122003 5375.999999999999
122503 5600.0
123003 5488.0
123503 5380.392156862745
124003 5488.0
124503 5488.0
125004 5375.999999999999
125503 5600.0
126003 5488.0
126503 5488.0
127003 5488.0
127503 5490.1960784313715
128003 5600.0
128503 5490.1960784313715
129003 5485.714285714285
129503 5270.588235294118
130003 5600.0
130503 5485.714285714285
131003 5488.0
131503 5490.1960784313715
132003 5600.0
132503 5600.0
133004 5488.0
133503 5488.0
134003 5600.0
134503 5488.0
135003 5380.392156862745
135503 5600.0
136003 5490.1960784313715
136503 5600.0
137003 5375.999999999999
137503 5490.1960784313715
138003 5714.285714285715
138503 5488.0
139003 5380.392156862745
139503 5375.999999999999
140003 5600.0
140503 5600.0
141003 5600.0
141503 5375.999999999999
142003 5600.0
142503 5714.285714285715
143004 5380.392156862745
143504 5488.0
144003 5600.0
144503 5270.588235294118
145003 5488.0
145503 5600.0
146003 5270.588235294118
146503 5714.285714285715
147003 5375.999999999999
147503 5488.0
148003 5600.0
148503 5488.0
149003 5488.0
149504 5375.999999999999
150003 5270.588235294118
150504 5600.0
151003 5488.0
151503 5600.0
152003 5380.392156862745
152503 5600.0
153003 5600.0
153503 5380.392156862745
154003 5600.0
154503 5488.0
155003 5375.999999999999
155503 5488.0
156003 5600.0
156503 5380.392156862745
157004 5600.0
157503 5714.285714285715
158003 5488.0
158503 5488.0
159003 5488.0
159503 5488.0
160003 5375.999999999999
160503 5380.392156862745
161003 5600.0
161503 5488.0
162003 5488.0
162503 5714.285714285715
163003 5488.0
163503 5488.0
164004 5600.0
164503 5488.0
165003 5488.0
165503 5488.0
166003 5600.0
166503 5276.923076923077
167004 5488.0
167503 5600.0
168003 5600.0
168503 5488.0
169003 5600.0
169503 5380.392156862745
170003 5600.0
170503 5490.1960784313715
171003 5600.0
171503 5488.0
172003 5488.0
172503 5600.0
173003 5380.392156862745
173503 5488.0
174003 5600.0
174503 5488.0
175003 5488.0
175503 5380.392156862745
176003 5600.0
176503 5488.0
177003 5600.0
177503 5488.0
178003 5600.0
178504 5485.714285714285
179004 5488.0
179503 5600.0
180003 5270.588235294118
180503 5600.0
181003 5488.0
181503 5714.285714285715
182003 5270.588235294118
182503 5600.0
183004 5600.0
183503 5490.1960784313715
184003 5375.999999999999
184503 5600.0
185003 5600.0
185503 5270.588235294118
186003 5488.0
186503 5600.0
187003 5380.392156862745
187503 5488.0
188003 5600.0
188503 5488.0
189003 5600.0
189503 5375.999999999999
190003 5380.392156862745
190503 5600.0
191003 5380.392156862745
191503 5600.0
192004 5488.0
192503 5714.285714285715
193003 5488.0
193503 5600.0
194003 5490.1960784313715
194503 5485.714285714285
195003 5380.392156862745
195503 5488.0
196003 5488.0
196503 5600.0
197003 5600.0
197503 5380.392156862745
198003 5600.0
198503 5488.0
199003 5600.0
199503 5488.0
200003 5488.0
200503 5488.0
201004 5488.0
201503 5600.0
202003 5600.0
202503 5488.0
203003 5488.0
203503 5600.0
204003 5490.1960784313715
204503 5375.999999999999
205003 5488.0
205503 5600.0
206003 5380.392156862745
206503 5714.285714285715
207003 5380.392156862745
207503 5488.0
208003 5600.0
208503 5600.0
209003 5375.999999999999
209503 5600.0
210003 5488.0
210503 5380.392156862745
211003 5488.0
211503 5488.0
212003 5714.285714285715
212503 5488.0
213003 5380.392156862745
213503 5600.0
214003 5600.0
214503 5488.0
215003 5488.0
215503 5488.0
216003 5600.0
216503 5375.999999999999
217003 5600.0
217503 5714.285714285715
218004 5380.392156862745
218503 5488.0
219003 5380.392156862745
219503 5600.0
220003 5485.714285714285
220503 5380.392156862745
221003 5714.285714285715
221503 5600.0
222004 5488.0
222504 5600.0
223003 5488.0
223503 5600.0
224003 5380.392156862745
224503 5485.714285714285
225003 5600.0
225504 5375.999999999999
226004 5488.0
226503 5600.0
227003 5488.0
227503 5600.0
228003 5488.0
228503 5380.392156862745
229003 5600.0
229503 5375.999999999999
230003 5488.0
230504 5600.0
231004 5490.1960784313715
231503 5600.0
232003 5600.0
232503 5488.0
233003 5600.0
233504 5488.0
234003 5600.0
234503 5485.714285714285
235003 5490.1960784313715
235503 5380.392156862745
236003 5600.0
236503 5488.0
237003 5600.0
237503 5488.0
238003 5714.285714285715
238503 5488.0
239003 5375.999999999999
239503 5600.0
240003 5488.0
240503 5488.0
241003 5488.0
241503 5488.0
242003 5490.1960784313715
242503 5488.0
243003 5600.0
243503 5488.0
244003 5714.285714285715
244503 5380.392156862745
245004 5488.0
245504 5600.0
246003 5380.392156862745
246503 5714.285714285715
247003 5380.392156862745
247503 5600.0
248003 5600.0
248503 5488.0
249003 5488.0
249503 5380.392156862745
250003 5488.0
250503 5600.0
251003 5488.0
251503 5600.0
252003 5380.392156862745
252503 5600.0
253003 5488.0
253503 5600.0
254004 5488.0
254503 5600.0
255003 5270.588235294118
255503 5600.0
256003 5490.1960784313715
256503 5485.714285714285
257003 5600.0
257503 5488.0
258003 5488.0
258503 5600.0
259003 5375.999999999999
259503 5488.0
260004 5380.392156862745
260503 5600.0
261003 5490.1960784313715
261503 5488.0
262003 5600.0
262503 5488.0
263003 5714.285714285715
263503 5380.392156862745
264003 5600.0
264504 5485.714285714285
265003 5600.0
265503 5375.999999999999
266003 5600.0
266503 5380.392156862745
267003 5600.0
267503 5485.714285714285
268003 5600.0
268503 5600.0
269004 5270.588235294118
269504 5600.0
270003 5488.0
270503 5488.0
271003 5600.0
271503 5488.0
272003 5600.0
272503 5600.0
273003 5488.0
273503 5488.0
274003 5490.1960784313715
274503 5600.0
275003 5380.392156862745
275503 5375.999999999999
276003 5600.0
276503 5600.0
277003 5488.0
277504 5600.0
278004 5600.0
278503 5380.392156862745
279003 5600.0
279503 5600.0
280003 5375.999999999999
280503 5600.0
281003 5375.999999999999
281503 5488.0
282004 5490.1960784313715
282503 5600.0
283004 5488.0
283503 5375.999999999999
284003 5488.0
284503 5600.0
285004 5488.0
285503 5488.0
286003 5488.0
286503 5488.0
287003 5488.0
287503 5490.1960784313715
288003 5600.0
288503 5488.0
289003 5375.999999999999
289503 5488.0
290003 5488.0
290503 5600.0
291003 5600.0
291503 5490.1960784313715
292003 5488.0
292503 5714.285714285715
293003 5488.0
293503 5488.0
294003 5490.1960784313715
294503 5485.714285714285
295003 5488.0
295503 5488.0
296003 5600.0
296503 5488.0
297003 5600.0
297503 5380.392156862745
298003 5488.0
298504 5600.0
299003 5485.714285714285
299503 5600.0
300003 5488.0
300504 5488.0
301004 5600.0
301503 5488.0
302003 5600.0
302503 5380.392156862745
303003 5488.0
303503 5488.0
304003 5488.0
304503 5375.999999999999
305004 5600.0
305503 5488.0
306003 5380.392156862745
306503 5714.285714285715
307003 5488.0
307503 5375.999999999999
308003 5488.0
308503 5488.0
309004 5490.1960784313715
309503 5485.714285714285
310004 5380.392156862745
310503 5600.0
311003 5600.0
311503 5488.0
312003 5488.0
312503 5600.0
313003 5600.0
313503 5380.392156862745
314003 5600.0
314503 5375.999999999999
315003 5600.0
315503 5600.0
316003 5488.0
316504 5375.999999999999
317003 5490.1960784313715
317503 5600.0
318003 5600.0
318503 5380.392156862745
319003 5488.0
319503 5600.0
320003 5375.999999999999
320503 5600.0
321003 5380.392156862745
321503 5600.0
322003 5600.0
322503 5600.0
323003 5488.0
323504 5600.0
324003 5380.392156862745
324503 5375.999999999999
325003 5488.0
325503 5485.714285714285
326003 5488.0
326503 5490.1960784313715
327003 5488.0
327503 5714.285714285715
328004 5488.0
328503 5490.1960784313715
329003 5600.0
329503 5488.0
330004 5488.0
330504 5488.0
331003 5600.0
331503 5384.615384615384
332003 5488.0
332503 5600.0
333003 5488.0
333503 5600.0
334003 5714.285714285715
334503 5375.999999999999
335003 5600.0
335503 5375.999999999999
336003 5600.0
336503 5488.0
337003 5488.0
337504 5600.0
338003 5380.392156862745
338503 5714.285714285715
339003 5600.0
339503 5488.0
340003 5375.999999999999
340503 5488.0
341003 5488.0
341503 5600.0
342003 5375.999999999999
342503 5600.0
343003 5600.0
343503 5375.999999999999
344003 5600.0
344503 5488.0
345003 5600.0
345503 5375.999999999999
346003 5600.0
346503 5270.588235294118
347003 5600.0
347503 5600.0
348003 5488.0
348503 5488.0
349003 5600.0
349503 5600.0
350004 5488.0
350503 5600.0
351003 5375.999999999999
351503 5600.0
352003 5488.0
352503 5488.0
353003 5600.0
353503 5600.0
354003 5488.0
354504 5380.392156862745
355003 5600.0
355503 5485.714285714285
356003 5490.1960784313715
356503 5485.714285714285
357003 5488.0
357503 5488.0
358004 5488.0
358503 5600.0
359003 5488.0
359503 5488.0
360003 5488.0
360503 5380.392156862745
361003 5488.0
361503 5488.0
362003 5600.0
362503 5714.285714285715
363003 5380.392156862745
363503 5714.285714285715
364003 5488.0
364503 5380.392156862745
365003 5714.285714285715
365503 5375.999999999999
366003 5600.0
366503 5488.0
367003 5488.0
367503 5490.1960784313715
368003 5600.0
368503 5600.0
369003 5488.0
369503 5488.0
370003 5488.0
370503 5600.0
371003 5375.999999999999
371503 5712.0
372003 5488.0
372503 5488.0
373003 5600.0
373503 5380.392156862745
374003 5714.285714285715
374503 5375.999999999999
375003 5490.1960784313715
375503 5488.0
376003 5488.0
376503 5714.285714285715
377003 5380.392156862745
377503 5375.999999999999
378003 5488.0
378503 5600.0
379003 5488.0
379503 5488.0
380003 5380.392156862745
380503 5600.0
381003 5600.0
381504 5600.0
382003 5488.0
382503 5488.0
383003 5490.1960784313715
383503 5600.0
384003 5380.392156862745
384503 5488.0
385003 5488.0
385503 5600.0
386003 5488.0
386503 5600.0
387003 5380.392156862745
387503 5600.0
388003 5488.0
388503 5380.392156862745
389003 5488.0
389503 5714.285714285715
390003 5270.588235294118
390503 5714.285714285715
391003 5488.0
391503 5600.0
392003 5488.0
392503 5600.0
393003 5375.999999999999
393503 5600.0
394003 5488.0
394504 5488.0
395003 5600.0
395503 5600.0
396003 5270.588235294118
396503 5488.0
397003 5488.0
397503 5714.285714285715
398003 5488.0
398503 5270.588235294118
399003 5600.0
399503 5488.0
400003 5600.0
400503 5488.0
401004 5488.0
401503 5712.0
402003 5380.392156862745
402503 5485.714285714285
403003 5600.0
403503 5488.0
404003 5490.1960784313715
404503 5600.0
405003 5490.1960784313715
405503 5375.999999999999
406003 5600.0
406503 5488.0
407003 5600.0
407503 5488.0
408003 5714.285714285715
