0 233.33333333333331
510 0.0
1010 3623.529411764706
1510 5485.714285714285
2010 5488.0
2510 5488.0
3010 5375.999999999999
3510 5270.588235294118
4010 5488.0
4510 228.57142857142853
5010 671.9999999999999
5510 4255.999999999999
6010 0.0
6510 0.0
7010 335.99999999999994
7510 0.0
8010 0.0
8509 5488.0
9010 5485.714285714285
9510 5380.392156862745
10010 5600.0
10510 5488.0
11010 5380.392156862745
11510 5488.0
12010 5375.999999999999
12510 5375.999999999999
13010 5488.0
13510 5375.999999999999
14010 5488.0
14510 5600.0
15010 5488.0
15510 5488.0
16010 5380.392156862745
16510 5488.0
17010 5600.0
17510 5375.999999999999
18009 5600.0
18510 4721.568627450981
19010 5263.999999999999
19510 5375.999999999999
20010 5600.0
20510 5375.999999999999
21010 5600.0
21510 5375.999999999999
22010 5375.999999999999
22510 5488.0
23010 5375.999999999999
23510 5485.714285714285
24010 5490.1960784313715
24510 5375.999999999999
25010 5380.392156862745
25510 5600.0
26010 5600.0
26510 5485.714285714285
27010 5380.392156862745
27510 5263.999999999999
28010 5375.999999999999
28510 5488.0
29010 5488.0
29510 5488.0
30010 5488.0
30510 5488.0
31009 5488.0
31510 5375.999999999999
32010 5600.0
32510 5375.999999999999
33010 5488.0
33510 5488.0
34009 5485.714285714285
34510 5490.1960784313715
35009 5600.0
35510 5380.392156862745
36010 5488.0
36510 5600.0
37009 5380.392156862745
37510 5380.392156862745
38009 5485.714285714285
38510 5488.0
39010 5488.0
39510 5375.999999999999
40010 5600.0
40510 5488.0
41010 5600.0
41510 5488.0
42010 5488.0
42510 5270.588235294118
43010 5600.0
43510 5380.392156862745
44010 5488.0
44510 5600.0
45010 5375.999999999999
45510 5488.0
46010 5600.0
46510 5375.999999999999
47010 5600.0
47510 5485.714285714285
48010 5488.0
48510 5380.392156862745
49010 5488.0
49510 5488.0
50010 5488.0
50510 5375.999999999999
51010 5600.0
51510 5488.0
52009 5270.588235294118
52510 5375.999999999999
53010 5600.0
53510 5488.0
54010 5488.0
54510 5375.999999999999
55010 5600.0
55509 5488.0
56010 5488.0
56509 5488.0
57010 5276.923076923077
57510 5600.0
58010 5488.0
58510 5600.0
59010 5488.0
59510 5375.999999999999
60009 5600.0
60510 5380.392156862745
61010 5488.0
61510 5600.0
62010 5375.999999999999
62510 5490.1960784313715
63010 5488.0
63509 5375.999999999999
64010 5600.0
64510 5380.392156862745
65010 5600.0
65509 5490.1960784313715
66010 5488.0
66509 5600.0
67010 5488.0
67510 5380.392156862745
68010 5375.999999999999
68509 5600.0
69010 5375.999999999999
69510 5600.0
70010 5375.999999999999
70510 5714.285714285715
71010 5375.999999999999
71510 5270.588235294118
72010 5600.0
72510 5270.588235294118
73009 5488.0
73510 5488.0
74009 5488.0
74510 5488.0
75009 5488.0
75510 5488.0
76009 5488.0
76510 5488.0
77010 5488.0
77510 5380.392156862745
78010 5485.714285714285
78510 5600.0
79010 5488.0
79510 5485.714285714285
80010 5600.0
80510 5380.392156862745
81010 5488.0
81510 5485.714285714285
82010 5490.1960784313715
82510 5375.999999999999
83010 5488.0
83510 5488.0
84010 5488.0
84510 5600.0
85010 5488.0
85510 5600.0
86010 5485.714285714285
86510 5380.392156862745
87010 5488.0
87509 5600.0
88010 5375.999999999999
88509 5600.0
89010 5488.0
89510 5488.0
90010 5488.0
90510 5490.1960784313715
91010 5485.714285714285
91510 5380.392156862745
92010 5488.0
92510 5600.0
93010 5375.999999999999
93510 5600.0
94010 5600.0
94509 5488.0
95010 5380.392156862745
95510 5380.392156862745
96010 5600.0
96510 5375.999999999999
97010 5488.0
97510 5488.0
98010 5485.714285714285
98510 5490.1960784313715
99010 5600.0
99510 5380.392156862745
100010 5600.0
100510 5380.392156862745
101010 5375.999999999999
101509 5600.0
102010 5488.0
102509 5380.392156862745
103010 5375.999999999999
103510 5714.285714285715
104010 5380.392156862745
104510 5485.714285714285
105010 5490.1960784313715
105510 5600.0
106010 5380.392156862745
106510 5600.0
107010 5270.588235294118
107510 5714.285714285715
108010 5375.999999999999
108510 5488.0
109009 5375.999999999999
109510 5600.0
110010 5488.0
110510 5488.0
111010 5600.0
111510 5600.0
112009 5488.0
112510 5380.392156862745
113010 5380.392156862745
113510 5485.714285714285
114010 5488.0
114510 5488.0
115010 5600.0
115510 5488.0
116010 5488.0
116509 5600.0
117010 5375.999999999999
117509 5600.0
118010 5600.0
118510 5375.999999999999
119010 5490.1960784313715
119510 5485.714285714285
120010 5490.1960784313715
120510 5600.0
121010 5380.392156862745
121509 5600.0
122010 5375.999999999999
122509 5488.0
123010 5270.588235294118
123509 5488.0
124010 5488.0
124509 5488.0
125010 5600.0
125509 5270.588235294118
126010 5714.285714285715
126509 5488.0
127010 5488.0
127509 5600.0
128009 5375.999999999999
128509 5488.0
129009 5485.714285714285
129510 5380.392156862745
130009 5600.0
130509 5714.285714285715
131009 5380.392156862745
131509 5600.0
132010 5488.0
132510 5380.392156862745
133010 5375.999999999999
133510 5488.0
134009 5488.0
134510 5600.0
135010 5488.0
135510 5600.0
136010 5600.0
136510 5488.0
137010 5488.0
137510 5600.0
138010 5488.0
138510 5600.0
139010 5270.588235294118
139510 5600.0
140010 5380.392156862745
140510 5488.0
141010 5600.0
141510 5488.0
142010 5488.0
142510 5600.0
143009 5375.999999999999
143510 5488.0
144010 5600.0
144510 5488.0
145010 5490.1960784313715
145510 5488.0
146010 5714.285714285715
146510 5270.588235294118
147010 5600.0
147510 5488.0
148010 5600.0
148510 5380.392156862745
149010 5488.0
149510 5485.714285714285
150009 5488.0
150510 5380.392156862745
151009 5600.0
151509 5488.0
152009 5600.0
152510 5488.0
153010 5375.999999999999
153510 5600.0
154010 5600.0
154510 5380.392156862745
155010 5600.0
155510 5380.392156862745
156010 5600.0
156510 5488.0
157010 5714.285714285715
157510 5600.0
158010 5488.0
158510 5488.0
159010 5488.0
159510 5270.588235294118
160010 5488.0
160510 5488.0
161010 5600.0
161510 5488.0
162010 5600.0
162510 5375.999999999999
163010 5600.0
163510 5488.0
164010 5485.714285714285
164510 5600.0
165010 5380.392156862745
165510 5600.0
166010 5490.1960784313715
166510 5600.0
167010 5600.0
167510 5490.1960784313715
168009 5375.999999999999
168509 5600.0
169009 5488.0
169510 5485.714285714285
170009 5600.0
170510 5380.392156862745
171010 5600.0
171510 5600.0
172010 5380.392156862745
172510 5488.0
173010 5488.0
173510 5488.0
174010 5375.999999999999
174510 5600.0
175010 5488.0
175510 5488.0
176010 5488.0
176510 5600.0
177010 5380.392156862745
177509 5600.0
178009 5600.0
178509 5380.392156862745
179009 5488.0
179509 5488.0
180010 5488.0
180509 5375.999999999999
181009 5488.0
181510 5600.0
182009 5600.0
182509 5270.588235294118
183009 5600.0
183510 5485.714285714285
184010 5490.1960784313715
184510 5600.0
185010 5380.392156862745
185510 5600.0
186010 5488.0
186510 5488.0
187010 5600.0
187510 5380.392156862745
188010 5600.0
188510 5600.0
189010 5380.392156862745
189510 5600.0
190010 5600.0
190510 5270.588235294118
191010 5600.0
191510 5380.392156862745
192010 5600.0
192510 5488.0
193010 5600.0
193510 5375.999999999999
194010 5488.0
194510 5600.0
195010 5488.0
195510 5488.0
196010 5600.0
196510 5600.0
197010 5488.0
197510 5600.0
198010 5488.0
198510 5276.923076923077
199009 5600.0
199509 5488.0
200009 5600.0
200509 5600.0
201010 5600.0
201509 5380.392156862745
202009 5488.0
202510 5488.0
203010 5488.0
203510 5488.0
204010 5488.0
204510 5600.0
205010 5375.999999999999
205510 5600.0
206010 5488.0
206510 5600.0
207010 5380.392156862745
207510 5488.0
208010 5600.0
208510 5488.0
209010 5600.0
209510 5488.0
210010 5490.1960784313715
210510 5600.0
211010 5380.392156862745
211510 5488.0
212010 5380.392156862745
212510 5485.714285714285
213010 5488.0
213510 5375.999999999999
214010 5600.0
214510 5488.0
215010 5600.0
215510 5488.0
216010 5600.0
216510 5488.0
217010 5600.0
217510 5488.0
218010 5488.0
218510 5490.1960784313715
219010 5488.0
219510 5380.392156862745
220010 5714.285714285715
220510 5375.999999999999
221010 5488.0
221510 5600.0
222010 5600.0
222510 5488.0
223010 5490.1960784313715
223510 5485.714285714285
224010 5488.0
224510 5600.0
225009 5488.0
225509 5488.0
226010 5488.0
226510 5490.1960784313715
227010 5488.0
227510 5600.0
228010 5488.0
228510 5600.0
229010 5488.0
229510 5600.0
230009 5488.0
230509 5600.0
231009 5488.0
231509 5380.392156862745
232009 5600.0
232510 5380.392156862745
233010 5488.0
233509 5600.0
234009 5600.0
234509 5600.0
235009 5384.615384615384
235509 5488.0
236010 5488.0
236510 5600.0
237010 5380.392156862745
237510 5600.0
238010 5600.0
238510 5488.0
239010 5488.0
239510 5600.0
240010 5488.0
240510 5714.285714285715
241010 5488.0
241510 5270.588235294118
242010 5600.0
242510 5488.0
243010 5488.0
243510 5600.0
244011 5488.0
244510 5600.0
245010 5380.392156862745
245510 5600.0
246010 5488.0
246509 5488.0
247010 5600.0
247510 5375.999999999999
248010 5600.0
248510 5488.0
249010 5488.0
249510 5488.0
250010 5600.0
250510 5600.0
251010 5488.0
251509 5600.0
252009 5600.0
252509 5270.588235294118
253010 5488.0
253510 5490.1960784313715
254010 5600.0
254510 5488.0
255010 5600.0
255510 5488.0
256010 5600.0
256510 5380.392156862745
257010 5488.0
257510 5488.0
258010 5600.0
258510 5375.999999999999
259010 5600.0
259510 5488.0
260010 5488.0
260510 5488.0
261010 5488.0
261510 5488.0
262010 5488.0
262510 5600.0
263010 5488.0
263510 5375.999999999999
264009 5600.0
264509 5490.1960784313715
265009 5600.0
265509 5600.0
266009 5380.392156862745
266509 5488.0
267009 5488.0
267509 5600.0
268009 5375.999999999999
268509 5600.0
269010 5488.0
269510 5488.0
270010 5600.0
270510 5600.0
271010 5380.392156862745
271510 5714.285714285715
272010 5488.0
272510 5276.923076923077
273010 5600.0
273510 5485.714285714285
274010 5488.0
274510 5600.0
275010 5488.0
275510 5600.0
276010 5488.0
276510 5488.0
277010 5714.285714285715
277510 5380.392156862745
278010 5488.0
278510 5488.0
279009 5600.0
279509 5490.1960784313715
280010 5600.0
280510 5600.0
281010 5488.0
281510 5380.392156862745
282010 5490.1960784313715
282510 5600.0
283010 5488.0
283510 5488.0
284009 5488.0
284509 5600.0
285009 5600.0
285509 5488.0
286010 5490.1960784313715
286509 5600.0
287009 5488.0
287509 5600.0
288009 5270.588235294118
