0 4611.764705882352
510 5371.428571428571
1010 5152.0
1510 3695.9999999999995
2010 0.0
2510 2464.0
3010 109.80392156862743
3511 0.0
4010 219.60784313725486
4510 0.0
5010 0.0
5510 4342.857142857142
6010 5490.1960784313715
6510 5488.0
7010 5485.714285714285
7511 5270.588235294118
8010 5488.0
8510 5380.392156862745
9010 5485.714285714285
9511 5375.999999999999
10010 5714.285714285715
10510 5375.999999999999
11010 5270.588235294118
11511 5488.0
12011 5600.0
12511 5375.999999999999
13010 5375.999999999999
13510 5375.999999999999
14010 5488.0
14511 5485.714285714285
15010 5380.392156862745
15510 5714.285714285715
16010 5488.0
16510 5270.588235294118
17010 5714.285714285715
17510 5380.392156862745
18010 5375.999999999999
18510 5488.0
19010 5485.714285714285
19511 5270.588235294118
20011 5488.0
20510 5600.0
21010 5270.588235294118
21510 5600.0
22010 5380.392156862745
22510 5600.0
23010 5380.392156862745
23510 5375.999999999999
24010 5488.0
24510 5488.0
25011 5488.0
25510 5375.999999999999
26011 5600.0
26510 5488.0
27010 5488.0
27510 5488.0
28010 5600.0
28511 5270.588235294118
29010 5600.0
29511 5488.0
30010 5375.999999999999
30511 5488.0
31010 5380.392156862745
31510 5600.0
32010 5488.0
32510 5380.392156862745
33010 5488.0
33510 5375.999999999999
34011 5488.0
34510 5488.0
35010 5375.999999999999
35510 5600.0
36010 5375.999999999999
36510 5488.0
37010 5600.0
37510 5488.0
38010 5600.0
38510 5270.588235294118
39010 5600.0
39510 5375.999999999999
40011 5380.392156862745
40510 5600.0
41010 5490.1960784313715
41510 5488.0
42010 5375.999999999999
42511 5600.0
43010 5488.0
43510 5485.714285714285
44010 5380.392156862745
44510 5375.999999999999
45010 5488.0
45510 5600.0
46010 5380.392156862745
46510 5714.285714285715
47010 5488.0
47510 5488.0
48010 5380.392156862745
48510 5485.714285714285
49010 5276.923076923077
49510 5485.714285714285
50010 5485.714285714285
50510 5380.392156862745
51010 4457.142857142856
51510 5263.999999999999
52010 5270.588235294118
52510 5375.999999999999
53010 5488.0
53510 5488.0
54010 5371.428571428571
54510 5263.999999999999
55010 5488.0
55510 5380.392156862745
56010 5488.0
56510 5488.0
57011 5488.0
57510 5488.0
58011 5488.0
58510 5600.0
59010 5375.999999999999
59510 5488.0
60010 5600.0
60510 5375.999999999999
61010 5380.392156862745
61510 5270.588235294118
62010 5714.285714285715
62510 5488.0
63010 5263.999999999999
63510 5488.0
64010 5488.0
64510 5488.0
65010 5488.0
65511 5488.0
66010 5485.714285714285
66510 5490.1960784313715
67010 5600.0
67510 5488.0
68010 5380.392156862745
68510 5488.0
69011 5488.0
69510 5375.999999999999
70010 5714.285714285715
70510 5270.588235294118
71010 5485.714285714285
71510 5380.392156862745
72010 5485.714285714285
72511 5600.0
73010 5488.0
73510 5270.588235294118
74010 5600.0
74510 5270.588235294118
75010 5485.714285714285
75510 5375.999999999999
76010 5600.0
76510 5600.0
77010 5488.0
77510 5380.392156862745
78010 5600.0
78510 5488.0
79010 5488.0
79510 5600.0
80010 5270.588235294118
80511 5490.1960784313715
81010 5485.714285714285
81510 5600.0
82010 5375.999999999999
82510 5600.0
83010 5488.0
83510 5600.0
84011 5380.392156862745
84510 5485.714285714285
85010 5380.392156862745
85510 5375.999999999999
86010 5488.0
86510 5488.0
87010 5600.0
87511 5488.0
88010 5488.0
88511 5488.0
89010 5263.999999999999
89510 5485.714285714285
90011 5380.392156862745
90510 5375.999999999999
91010 5714.285714285715
91511 5270.588235294118
92010 5488.0
92510 5375.999999999999
93011 5600.0
93510 5375.999999999999
94010 5488.0
94510 5488.0
95010 5488.0
95510 5488.0
96010 5488.0
96510 5488.0
97010 5600.0
97510 5488.0
98010 5490.1960784313715
98511 5488.0
99010 5488.0
99511 5375.999999999999
100010 5600.0
100510 5488.0
101010 5375.999999999999
101510 5600.0
102010 5485.714285714285
102510 5380.392156862745
103010 5488.0
103510 5380.392156862745
104010 5600.0
104511 5488.0
105010 5488.0
105510 5488.0
106010 5375.999999999999
106510 5488.0
107011 5488.0
107510 5488.0
108010 5600.0
108510 5600.0
109010 5380.392156862745
109510 5488.0
110010 5600.0
110510 5380.392156862745
111010 5488.0
111510 5488.0
112010 5375.999999999999
112510 5488.0
113010 5488.0
113510 5488.0
114010 5600.0
114511 5375.999999999999
115010 5600.0
115510 5375.999999999999
116010 5600.0
116511 5169.2307692307695
117010 5600.0
117510 5488.0
118011 5600.0
118510 5490.1960784313715
119010 5488.0
119510 5488.0
120010 5488.0
120510 5488.0
121010 5488.0
121510 5485.714285714285
122010 5270.588235294118
122510 5488.0
123010 5488.0
123510 5488.0
124010 5714.285714285715
124510 5375.999999999999
125010 5380.392156862745
125510 5488.0
126011 5488.0
126510 5488.0
127010 5488.0
127510 5485.714285714285
128011 5490.1960784313715
128510 5600.0
129011 5380.392156862745
129510 5380.392156862745
130010 5714.285714285715
130510 5600.0
131011 5600.0
131510 5380.392156862745
132010 5485.714285714285
132511 5490.1960784313715
133010 5488.0
133510 5375.999999999999
134011 5600.0
134510 5488.0
135010 5714.285714285715
135510 5488.0
136011 5488.0
136510 5600.0
137010 5375.999999999999
137510 5380.392156862745
138010 5488.0
138510 5488.0
139010 5600.0
139510 5485.714285714285
140010 5490.1960784313715
140510 5600.0
141010 5490.1960784313715
141511 5488.0
142010 5488.0
142510 5375.999999999999
143010 5488.0
143510 5380.392156862745
144010 5600.0
144510 5600.0
145010 5600.0
145510 5375.999999999999
146010 5600.0
146510 5488.0
147010 5375.999999999999
147510 5375.999999999999
148010 5600.0
148510 5380.392156862745
149010 5488.0
149510 5488.0
150011 5488.0
150511 5488.0
151010 5600.0
151510 5488.0
152010 5600.0
152510 5380.392156862745
153010 5485.714285714285
153510 5488.0
154010 5375.999999999999
154510 5714.285714285715
155010 5270.588235294118
155510 5714.285714285715
156011 5276.923076923077
156510 5714.285714285715
157010 5488.0
157510 5488.0
158010 5600.0
158510 5270.588235294118
159011 5600.0
159510 5488.0
160010 5488.0
160510 5488.0
161011 5488.0
161510 5714.285714285715
162010 5380.392156862745
162510 5714.285714285715
163010 5488.0
163510 5169.2307692307695
164010 5600.0
164510 5488.0
165010 5600.0
165510 5488.0
166010 5488.0
166510 5488.0
167010 5714.285714285715
167510 5375.999999999999
168010 5380.392156862745
168510 5488.0
169010 5488.0
169511 5488.0
170010 5600.0
170510 5488.0
171010 5488.0
171510 5600.0
172011 5490.1960784313715
172510 5488.0
173010 5375.999999999999
173510 5488.0
174010 5375.999999999999
174510 5600.0
175010 5600.0
175510 5600.0
176010 5488.0
176510 5380.392156862745
177010 5488.0
177510 5488.0
178010 5488.0
178510 5485.714285714285
179011 5490.1960784313715
179510 5488.0
180010 5714.285714285715
180510 5488.0
181011 5380.392156862745
181510 5380.392156862745
182010 5488.0
182510 5714.285714285715
183010 5380.392156862745
183511 5600.0
184010 5600.0
184510 5375.999999999999
185010 5600.0
185510 5380.392156862745
186011 5488.0
186510 5488.0
187010 5714.285714285715
187510 5276.923076923077
188010 5600.0
188510 5600.0
189010 5380.392156862745
189510 5600.0
190010 5270.588235294118
190510 5488.0
191010 5488.0
191510 5600.0
192010 5490.1960784313715
192510 5714.285714285715
193011 5380.392156862745
193510 5488.0
194010 5600.0
194511 5375.999999999999
195010 5380.392156862745
195510 5716.666666666666
196010 5600.0
196510 5380.392156862745
197010 5488.0
197510 5488.0
198010 5488.0
198510 5600.0
199010 5375.999999999999
199510 5488.0
200010 5488.0
200510 5600.0
201011 5488.0
201510 5600.0
202010 5488.0
202510 5600.0
203011 5600.0
203510 5061.538461538461
204010 5600.0
204510 5375.999999999999
205010 5488.0
205510 5488.0
206010 5488.0
206510 5600.0
207010 5600.0
207510 5488.0
208010 5380.392156862745
208510 5600.0
209010 5490.1960784313715
209511 5375.999999999999
210010 5600.0
210510 5488.0
211010 5600.0
211510 5488.0
212010 5380.392156862745
212510 5488.0
213010 5600.0
213510 5600.0
214010 5270.588235294118
214510 5600.0
215010 5270.588235294118
215511 5488.0
216010 5488.0
216510 5488.0
217010 5600.0
217510 5488.0
218010 5600.0
218510 5490.1960784313715
219010 5488.0
219510 5375.999999999999
220010 5488.0
220511 5488.0
221010 5714.285714285715
221510 5380.392156862745
222010 5600.0
222510 5380.392156862745
223010 5488.0
223510 5714.285714285715
224010 5600.0
224510 5270.588235294118
225010 5600.0
225511 5276.923076923077
226010 5485.714285714285
226510 5600.0
227010 5488.0
227510 5488.0
228010 5600.0
228510 5488.0
229010 5490.1960784313715
229510 5488.0
230010 5488.0
230510 5488.0
231010 5488.0
231510 5600.0
232010 5488.0
232510 5490.1960784313715
233010 5488.0
233510 5600.0
234010 5600.0
234510 5375.999999999999
235010 5600.0
235510 5380.392156862745
236010 5600.0
236510 5488.0
237010 5600.0
237510 5488.0
238011 5600.0
238510 5380.392156862745
239010 5380.392156862745
239510 5600.0
240010 5488.0
240510 5488.0
241010 5488.0
241510 5488.0
242010 5600.0
242510 5375.999999999999
243010 5600.0
243510 5488.0
244011 5488.0
244510 5488.0
245010 5600.0
245510 5600.0
246010 5488.0
246510 5270.588235294118
247010 5488.0
247510 5600.0
248010 5488.0
248510 5600.0
249010 5488.0
249510 5488.0
250010 5714.285714285715
250510 5270.588235294118
251010 5488.0
251510 5488.0
252010 5600.0
252510 5488.0
253011 5380.392156862745
253510 5714.285714285715
254010 5488.0
254510 5600.0
255010 5488.0
255510 5490.1960784313715
256011 5488.0
256510 5375.999999999999
257010 5714.285714285715
257510 5375.999999999999
258010 5276.923076923077
258510 5828.571428571428
259010 5375.999999999999
259510 5488.0
260010 5600.0
260510 5375.999999999999
261010 5488.0
261510 5375.999999999999
262010 5488.0
262510 5600.0
263010 5600.0
263510 5380.392156862745
264010 5714.285714285715
264510 5488.0
265010 5380.392156862745
265511 5600.0
266010 5375.999999999999
266510 5600.0
267010 5488.0
267510 5380.392156862745
268011 5600.0
268510 5488.0
269010 5600.0
269511 5488.0
270010 5600.0
270510 5270.588235294118
271010 5600.0
271510 5485.714285714285
272010 5490.1960784313715
272510 5600.0
273010 5600.0
273510 5380.392156862745
274010 5714.285714285715
274510 5380.392156862745
275010 5600.0
275510 5375.999999999999
276010 5600.0
276510 5380.392156862745
277010 5375.999999999999
277510 5600.0
278010 5600.0
278510 5600.0
279010 5488.0
279510 5490.1960784313715
280010 5488.0
280510 5485.714285714285
281010 5384.615384615384
281510 5600.0
282010 5488.0
282510 5488.0
283010 5600.0
283510 5488.0
284010 5600.0
284510 5600.0
285010 5380.392156862745
285510 5488.0
286011 5488.0
286510 5485.714285714285
287010 5380.392156862745
287510 5714.285714285715
288010 5488.0
288510 5488.0
289010 5600.0
289510 5600.0
290010 5380.392156862745
290510 5375.999999999999
291010 5600.0
291510 5375.999999999999
292010 5488.0
292510 5714.285714285715
293010 5380.392156862745
293510 5714.285714285715
294010 5270.588235294118
294510 5380.392156862745
295010 5828.571428571428
295510 5375.999999999999
296010 5375.999999999999
296510 5600.0
297010 5270.588235294118
297510 5600.0
298010 5600.0
298510 5488.0
299010 5490.1960784313715
299510 5488.0
300010 5488.0
300510 5600.0
301010 5270.588235294118
301510 5600.0
302010 5600.0
302510 5490.1960784313715
303010 5488.0
303510 5600.0
304010 5600.0
304510 5488.0
305010 5490.1960784313715
305510 5600.0
306010 5380.392156862745
306510 5488.0
307010 5488.0
307510 5485.714285714285
308010 5490.1960784313715
308510 5600.0
309010 5488.0
309510 5488.0
310000 5485.714285714285
310510 5600.0
311010 5270.588235294118
311511 5600.0
312010 5276.923076923077
312510 5488.0
313010 5600.0
313510 5600.0
314010 5488.0
314510 5600.0
315010 5488.0
315510 5714.285714285715
316010 5169.2307692307695
316510 5600.0
317010 5488.0
317510 5488.0
318010 5488.0
318510 5714.285714285715
319010 5490.1960784313715
319510 5485.714285714285
320010 5488.0
320510 5380.392156862745
321010 5488.0
321510 5488.0
322010 5488.0
322510 5488.0
323010 5488.0
323510 5488.0
324010 5712.0
324510 5600.0
325010 5380.392156862745
325510 5714.285714285715
326010 5270.588235294118
326510 5488.0
327010 5488.0
327510 5600.0
328010 5488.0
328510 5488.0
329010 5488.0
329510 5600.0
330010 5488.0
330510 5488.0
331010 5488.0
331510 5600.0
332010 5490.1960784313715
332510 5488.0
333010 5600.0
333510 5380.392156862745
334010 5714.285714285715
334510 5380.392156862745
335010 5600.0
335510 5488.0
336010 5488.0
336510 5375.999999999999
337010 5600.0
337510 5380.392156862745
338010 5600.0
338510 5600.0
339010 5488.0
339510 5600.0
340010 5488.0
340510 5488.0
341010 5600.0
341510 5375.999999999999
342010 5490.1960784313715
342510 5488.0
343010 5600.0
343510 5488.0
344010 5488.0
344510 5600.0
345010 5380.392156862745
345510 5600.0
346010 5600.0
346510 5380.392156862745
347011 5488.0
347510 5488.0
348010 5488.0
348510 5600.0
349010 5485.714285714285
349510 5600.0
350010 5380.392156862745
350510 5714.285714285715
351010 5270.588235294118
351511 5270.588235294118
352010 5828.571428571428
352510 5488.0
353011 5488.0
353510 5600.0
354010 5488.0
354510 5600.0
355010 5600.0
355510 5488.0
356010 5270.588235294118
356510 5600.0
357010 5485.714285714285
357510 5490.1960784313715
358010 5600.0
358510 5380.392156862745
359010 5600.0
359510 5600.0
360010 5488.0
360510 5380.392156862745
361010 5600.0
361510 5375.999999999999
362010 5600.0
362510 5490.1960784313715
363010 5488.0
363510 5600.0
364010 5488.0
364510 5600.0
365010 5600.0
365510 5380.392156862745
366010 5488.0
366510 5488.0
367010 5600.0
367510 5380.392156862745
368010 5714.285714285715
368510 5380.392156862745
369010 5600.0
369510 5600.0
370010 5600.0
370511 5270.588235294118
371010 5488.0
371511 5488.0
372010 5488.0
372510 5488.0
373010 5600.0
373511 5600.0
374010 5488.0
374510 5488.0
375010 5600.0
375510 5488.0
376010 5375.999999999999
376510 5600.0
377010 5488.0
377510 5600.0
378010 5380.392156862745
378510 5600.0
379010 5488.0
379510 5488.0
380011 5488.0
380510 5488.0
381010 5488.0
381510 5600.0
382010 5375.999999999999
382510 5714.285714285715
383011 5488.0
383510 5600.0
384010 5380.392156862745
384510 5488.0
385010 5600.0
385510 5488.0
386010 5375.999999999999
386510 5488.0
387010 5490.1960784313715
387510 5600.0
388010 5488.0
388510 5490.1960784313715
389010 5600.0
389510 5600.0
390010 5600.0
390510 5375.999999999999
391010 5600.0
391510 5380.392156862745
392010 5488.0
392510 5488.0
393010 5488.0
393510 5600.0
394010 5600.0
394510 5488.0
395010 5488.0
395510 5488.0
396010 5488.0
396511 5488.0
397011 5485.714285714285
397510 5600.0
398010 5490.1960784313715
398510 5270.588235294118
399010 5600.0
399510 5488.0
400010 5600.0
400510 5375.999999999999
401010 5488.0
401510 5375.999999999999
402010 5714.285714285715
402510 5380.392156862745
403010 5600.0
403510 5600.0
404010 5490.1960784313715
404510 5488.0
405010 5375.999999999999
405510 5600.0
406010 5485.714285714285
406510 5276.923076923077
407010 5600.0
407510 5488.0
408010 5488.0
408511 5488.0
409010 5600.0
409510 5488.0
410010 5488.0
410510 5488.0
411010 5375.999999999999
411510 5488.0
412010 5488.0
412510 5488.0
413011 5600.0
413510 5600.0
414010 5375.999999999999
414510 5600.0
415011 5714.285714285715
415510 5270.588235294118
416010 5488.0
416510 5485.714285714285
417010 5600.0
417510 5380.392156862745
418010 5380.392156862745
418510 5714.285714285715
419010 5600.0
419510 5380.392156862745
420010 5488.0
420510 5600.0
421010 5490.1960784313715
421510 4928.0
422010 5152.0
422510 5488.0
423010 5600.0
423510 5488.0
424010 5600.0
424510 5600.0
425010 5380.392156862745
425510 5600.0
426010 5485.714285714285
426510 5488.0
427010 5380.392156862745
427510 5714.285714285715
428010 5488.0
428510 5380.392156862745
429010 5600.0
429510 5490.1960784313715
430010 5488.0
430510 5371.428571428571
431010 5380.392156862745
431510 5488.0
432010 5375.999999999999
432510 5488.0
433010 5600.0
433510 5488.0
434010 5600.0
434510 5375.999999999999
435010 5488.0
435510 5488.0
436010 5375.999999999999
436510 5714.285714285715
437010 5270.588235294118
437510 5600.0
438010 5488.0
438510 5380.392156862745
439010 5600.0
439510 5488.0
440010 5600.0
440510 5380.392156862745
441010 5485.714285714285
441510 5488.0
442010 5714.285714285715
442510 5380.392156862745
443010 5600.0
443510 5490.1960784313715
444010 5600.0
444510 5488.0
445010 5488.0
445510 5714.285714285715
446010 5270.588235294118
446510 5488.0
447011 5488.0
447510 5488.0
448010 5714.285714285715
448510 5380.392156862745
449010 5600.0
449510 5488.0
450010 5488.0
450510 5485.714285714285
451010 5488.0
451510 5380.392156862745
452010 5488.0
452510 5600.0
453010 5488.0
453510 5488.0
454010 5600.0
454510 5488.0
455010 5488.0
455510 5375.999999999999
456010 5714.285714285715
456510 5270.588235294118
457010 5600.0
457511 5160.7843137254895
458010 5600.0
458510 5600.0
459010 5488.0
459510 5490.1960784313715
460010 5375.999999999999
460510 5600.0
461010 5488.0
461510 5488.0
462010 5375.999999999999
462510 5600.0
463010 5600.0
463510 5488.0
464010 5380.392156862745
464510 5828.571428571428
465010 5488.0
465511 5380.392156862745
466010 5488.0
466510 5488.0
467010 5488.0
467510 5600.0
468010 5380.392156862745
468510 5600.0
469010 5714.285714285715
469510 5380.392156862745
470010 5600.0
470510 5488.0
471010 5375.999999999999
471511 5380.392156862745
472010 5600.0
472510 5488.0
473010 5600.0
473510 5600.0
474010 5600.0
474510 5488.0
475010 5488.0
475510 5488.0
476010 5600.0
476510 5490.1960784313715
477010 5485.714285714285
477510 5380.392156862745
478010 5600.0
478510 5600.0
479010 5490.1960784313715
479510 5488.0
480010 5600.0
480510 5488.0
481010 5270.588235294118
481510 5488.0
482010 5600.0
482510 5488.0
483010 5488.0
483510 5600.0
484010 5600.0
484510 5490.1960784313715
485010 5488.0
485510 5488.0
486010 5714.285714285715
486510 5270.588235294118
487010 5488.0
487510 5488.0
488010 5600.0
488510 5600.0
489010 5600.0
489510 5380.392156862745
490010 5714.285714285715
490510 5270.588235294118
491011 5600.0
491510 5488.0
492010 5488.0
492510 5600.0
493010 5380.392156862745
493511 5600.0
494010 5600.0
494510 5490.1960784313715
495010 5488.0
495510 5600.0
496010 5490.1960784313715
496510 5485.714285714285
497011 5380.392156862745
497510 5600.0
498010 5380.392156862745
498510 5600.0
499010 5714.285714285715
499510 5490.1960784313715
500010 5488.0
500510 5600.0
501010 5380.392156862745
501510 5375.999999999999
502010 5375.999999999999
502510 5714.285714285715
503010 5380.392156862745
503510 5600.0
504010 5488.0
504510 5488.0
505010 5600.0
505510 5600.0
506010 5380.392156862745
506510 5600.0
507010 5488.0
507510 5380.392156862745
508010 5714.285714285715
508510 5488.0
509010 5490.1960784313715
509510 5488.0
510010 5488.0
510510 5600.0
511010 5488.0
511510 5375.999999999999
512010 5600.0
512510 5600.0
513011 5380.392156862745
513510 5714.285714285715
514010 5488.0
514510 5488.0
515011 5600.0
515510 5375.999999999999
516010 5488.0
516510 5488.0
517010 5714.285714285715
517510 5380.392156862745
518010 5600.0
518510 5488.0
519010 5600.0
519510 5490.1960784313715
520010 5375.999999999999
520510 5600.0
521010 5488.0
521510 5375.999999999999
522011 5600.0
522510 5488.0
523010 5488.0
523510 5600.0
524010 5488.0
524510 5600.0
525010 5488.0
525510 5488.0
526010 5488.0
526510 5714.285714285715
527010 5270.588235294118
527510 5600.0
528010 5490.1960784313715
528510 5488.0
529010 5600.0
529510 5600.0
530010 5488.0
530510 5485.714285714285
531010 5490.1960784313715
531510 5485.714285714285
532010 5488.0
532510 5384.615384615384
533010 5714.285714285715
533510 5488.0
534010 5600.0
534511 5490.1960784313715
535010 5488.0
535510 5488.0
536010 5600.0
536510 5380.392156862745
537010 5485.714285714285
537510 5490.1960784313715
538010 5488.0
538510 5714.285714285715
539010 5380.392156862745
539510 5488.0
540010 5600.0
540510 5375.999999999999
541010 5488.0
541510 5375.999999999999
542010 5488.0
542510 5488.0
543010 5828.571428571428
543510 5375.999999999999
544010 5488.0
544511 5600.0
545010 5600.0
545510 5600.0
546010 5270.588235294118
546510 5375.999999999999
547010 5714.285714285715
547510 5380.392156862745
548010 5600.0
548510 5488.0
549010 5488.0
549510 5714.285714285715
550010 5490.1960784313715
550510 5375.999999999999
551010 5600.0
551510 5485.714285714285
552010 5380.392156862745
552510 5600.0
553010 5600.0
553510 5488.0
554011 5488.0
554510 5600.0
555010 5488.0
555510 5488.0
556010 5488.0
556510 5600.0
557010 5485.714285714285
557510 5600.0
558010 5488.0
558510 5384.615384615384
559010 5714.285714285715
559510 5375.999999999999
560010 5712.0
560510 5375.999999999999
561010 5600.0
561510 5375.999999999999
562010 5714.285714285715
562510 5488.0
563010 5600.0
563510 5380.392156862745
564010 5600.0
564510 5490.1960784313715
565010 5714.285714285715
565510 5380.392156862745
566010 5600.0
566510 5380.392156862745
567010 5488.0
567510 5380.392156862745
568010 5600.0
568510 5714.285714285715
569010 5380.392156862745
569510 5600.0
570010 5600.0
570510 5485.714285714285
571010 5490.1960784313715
571510 5375.999999999999
572010 5488.0
572510 5600.0
573010 5600.0
573510 5488.0
574010 5488.0
574510 5488.0
575010 5828.571428571428
575510 5375.999999999999
576010 5490.1960784313715
576510 5600.0
577010 5488.0
577510 5488.0
578010 5380.392156862745
578510 5600.0
579010 5600.0
579510 5488.0
580010 5600.0
580510 5375.999999999999
581010 5488.0
581510 5714.285714285715
582010 5380.392156862745
582510 5375.999999999999
583010 5828.571428571428
583510 5375.999999999999
584010 5600.0
584510 5490.1960784313715
585010 5488.0
585510 5600.0
586010 5485.714285714285
586510 5380.392156862745
587012 5600.0
587510 5488.0
588010 5488.0
588510 5600.0
589010 5490.1960784313715
589510 5600.0
590010 5600.0
590510 5380.392156862745
591010 5600.0
591510 5485.714285714285
592010 5380.392156862745
592510 5488.0
593010 5714.285714285715
593510 5380.392156862745
594010 5600.0
594510 5488.0
595010 5600.0
595510 5600.0
596010 5380.392156862745
596510 5488.0
597010 5488.0
597510 5600.0
598010 5488.0
598510 5490.1960784313715
599010 5488.0
599510 5600.0
600010 5600.0
600510 5380.392156862745
601010 5488.0
601510 5488.0
602010 5714.285714285715
602510 5270.588235294118
603010 5488.0
603510 5712.0
604010 5488.0
604510 5488.0
605010 5600.0
605510 5600.0
606010 5380.392156862745
606510 5600.0
607010 5380.392156862745
607511 5488.0
608010 5600.0
608510 5488.0
609010 5488.0
609510 5600.0
610010 5488.0
610510 5488.0
611010 5714.285714285715
611510 5160.7843137254895
612010 5488.0
612510 5488.0
613010 5600.0
613510 5488.0
614010 5600.0
614510 5488.0
615010 5600.0
615510 5600.0
616010 5380.392156862745
616510 5488.0
617010 5488.0
617510 5488.0
618010 5600.0
618510 5490.1960784313715
619010 5600.0
619510 5488.0
620010 5600.0
620510 5380.392156862745
621010 5600.0
621510 5600.0
622010 5380.392156862745
622510 5488.0
623010 5600.0
623510 5380.392156862745
624010 5714.285714285715
624510 5490.1960784313715
625010 5600.0
625510 5380.392156862745
626010 5600.0
626510 5270.588235294118
627010 5714.285714285715
627511 5488.0
628010 5600.0
628510 5600.0
629010 5380.392156862745
629510 5600.0
630010 5384.615384615384
630510 5600.0
631010 5488.0
631510 5488.0
632010 5600.0
632510 5375.999999999999
633010 5600.0
633510 5488.0
634010 5488.0
634510 5714.285714285715
635010 5380.392156862745
635510 5600.0
636011 5488.0
636510 5600.0
637010 5490.1960784313715
637510 5600.0
638010 5380.392156862745
638510 5600.0
639010 5490.1960784313715
639510 5600.0
640010 5490.1960784313715
640510 5600.0
641010 5380.392156862745
641510 5485.714285714285
642010 5490.1960784313715
642510 5488.0
643010 5600.0
643510 5488.0
644010 5488.0
644510 5488.0
645010 5600.0
645510 5600.0
646010 5600.0
646510 5380.392156862745
647010 5600.0
647510 5600.0
648010 5380.392156862745
648510 5600.0
649010 5600.0
649510 5380.392156862745
650010 5488.0
650510 5488.0
651010 5380.392156862745
651510 5600.0
652010 5600.0
652510 5488.0
653010 5488.0
653510 5714.285714285715
654010 5380.392156862745
654510 5600.0
655010 5488.0
655510 5490.1960784313715
656010 5488.0
656510 5488.0
657011 5488.0
657510 5600.0
658010 5488.0
658510 5488.0
659010 5600.0
659510 5600.0
660010 5380.392156862745
660510 5714.285714285715
661010 5270.588235294118
661511 5270.588235294118
662010 5714.285714285715
662510 5488.0
663010 5714.285714285715
663510 5488.0
664010 5488.0
664510 5488.0
665010 5380.392156862745
665510 5490.1960784313715
666010 5600.0
666510 5488.0
667010 5488.0
667510 5600.0
668010 5600.0
668510 5490.1960784313715
669010 5488.0
669511 5600.0
670010 5380.392156862745
670510 5600.0
671010 5488.0
671510 5488.0
672010 5600.0
672510 5488.0
673010 5488.0
673510 5714.285714285715
674010 5380.392156862745
674510 5485.714285714285
675010 5490.1960784313715
675510 5600.0
676010 5488.0
676510 5276.923076923077
677010 5600.0
677510 5600.0
678010 5375.999999999999
678510 5712.0
679010 5488.0
679510 5488.0
680010 5488.0
680510 5488.0
681010 5600.0
681510 5375.999999999999
682010 5600.0
682510 5600.0
683010 5600.0
683510 5380.392156862745
684010 5600.0
684510 5600.0
685010 5488.0
685510 5380.392156862745
686010 5600.0
686510 5380.392156862745
687010 5600.0
687510 5488.0
688010 5600.0
688510 5488.0
689010 5488.0
689510 5600.0
690010 5488.0
690510 5485.714285714285
691010 5490.1960784313715
691510 5488.0
692010 5488.0
692510 5490.1960784313715
693010 5600.0
693510 5600.0
694010 5485.714285714285
694510 5488.0
695010 5490.1960784313715
695510 5600.0
696010 5380.392156862745
696510 5380.392156862745
697010 5600.0
697510 5488.0
698010 5600.0
698510 5488.0
699010 5600.0
699510 5488.0
700010 5488.0
700511 5488.0
701010 5714.285714285715
701510 5276.923076923077
702010 5600.0
702510 5600.0
703010 5712.0
703510 5380.392156862745
704010 5488.0
704510 5488.0
705011 5600.0
705510 5488.0
706010 5488.0
706510 5488.0
707010 5488.0
707511 5714.285714285715
708010 5490.1960784313715
708510 5600.0
709010 5380.392156862745
709510 5600.0
710010 5600.0
710510 5375.999999999999
711011 5600.0
711510 5375.999999999999
712010 5488.0
712510 5380.392156862745
713010 5714.285714285715
713510 5600.0
714010 5488.0
714510 5600.0
715010 5488.0
715510 5714.285714285715
716010 5380.392156862745
716511 5485.714285714285
717010 5488.0
717510 5490.1960784313715
718010 5600.0
718510 5490.1960784313715
719010 5488.0
719510 5488.0
720010 5600.0
720510 5488.0
721010 5600.0
721510 5380.392156862745
722010 5380.392156862745
722510 5600.0
723010 5488.0
723510 5712.0
724010 5488.0
724510 5488.0
725010 5600.0
725510 5488.0
726010 5488.0
726510 5600.0
727010 5380.392156862745
727510 5488.0
728010 5488.0
728510 5600.0
729010 5488.0
729510 5600.0
730010 5714.285714285715
730510 5375.999999999999
731010 5380.392156862745
731510 5488.0
732010 5488.0
732510 5600.0
733010 5488.0
733510 5600.0
734010 5600.0
734510 5380.392156862745
735010 5712.0
735510 5485.714285714285
736010 5270.588235294118
736510 5600.0
737010 5380.392156862745
737510 5488.0
738010 5488.0
738510 5600.0
739010 5714.285714285715
739510 5380.392156862745
740010 5600.0
740510 5490.1960784313715
741010 5600.0
741510 5488.0
742011 5380.392156862745
742510 5488.0
743010 5600.0
743510 5488.0
744010 5488.0
744510 5600.0
745010 5600.0
745510 5488.0
746010 5488.0
746510 5488.0
747010 5600.0
747510 5380.392156862745
748010 5488.0
748510 5600.0
749010 5488.0
749510 5600.0
750010 5488.0
750510 5488.0
751010 5488.0
751510 5375.999999999999
752010 5714.285714285715
752510 5380.392156862745
753010 5485.714285714285
753510 5490.1960784313715
754010 5380.392156862745
754510 5714.285714285715
755010 5600.0
755510 5488.0
756012 5488.0
756510 5488.0
757013 5600.0
757500 5485.714285714285
758011 5283.018867924528
758510 5828.571428571428
759010 5488.0
759510 5600.0
760010 5600.0
760510 5380.392156862745
761010 5488.0
761510 5485.714285714285
762010 5490.1960784313715
762510 5600.0
763010 5600.0
763510 5488.0
764010 5488.0
764510 5600.0
765010 5384.615384615384
765510 5600.0
766010 5488.0
766510 5600.0
767010 5380.392156862745
767510 5714.285714285715
768010 5375.999999999999
768510 5600.0
769011 5488.0
769510 5488.0
770010 5600.0
770510 5488.0
771010 5488.0
771511 5600.0
772010 5488.0
772510 5488.0
773010 5488.0
773510 5490.1960784313715
774010 5488.0
774510 5714.285714285715
775010 5380.392156862745
775510 5714.285714285715
776010 5380.392156862745
776510 5488.0
777010 5600.0
777510 5488.0
778010 5600.0
778510 5375.999999999999
779010 5488.0
779510 5600.0
780010 5600.0
780510 5375.999999999999
781010 5600.0
781510 5488.0
782010 5488.0
782510 5488.0
783010 5488.0
783510 5600.0
784010 5488.0
784510 5490.1960784313715
785010 5600.0
785510 5714.285714285715
786010 5380.392156862745
786510 5600.0
787010 5375.999999999999
787510 5488.0
788010 5488.0
788510 5600.0
789010 5488.0
789510 5488.0
790010 5600.0
790510 5490.1960784313715
791010 5488.0
791510 5600.0
792010 5490.1960784313715
792510 5600.0
793010 5169.2307692307695
793510 5714.285714285715
794010 5600.0
794510 5488.0
795010 5488.0
795510 5600.0
796010 5488.0
796510 5488.0
797011 5714.285714285715
797510 5375.999999999999
798010 5490.1960784313715
798510 5600.0
799011 5380.392156862745
799510 5488.0
800010 5714.285714285715
800510 5380.392156862745
801010 5600.0
801510 5490.1960784313715
802010 5488.0
802510 5488.0
803010 5714.285714285715
803510 5488.0
804010 5380.392156862745
804510 5488.0
805010 5600.0
805510 5488.0
806010 5714.285714285715
806510 5380.392156862745
807010 5600.0
807510 5490.1960784313715
808010 5488.0
808510 5488.0
809010 5600.0
809510 5375.999999999999
810010 5600.0
810510 5488.0
811010 5600.0
811510 5488.0
812010 5490.1960784313715
812510 5714.285714285715
813010 5270.588235294118
813510 5714.285714285715
814010 5490.1960784313715
814510 5485.714285714285
815010 5490.1960784313715
815510 5600.0
816010 5488.0
816510 5375.999999999999
817010 5600.0
817510 5600.0
818010 5490.1960784313715
818510 5488.0
819010 5488.0
819510 5600.0
820010 5380.392156862745
820510 5714.285714285715
821010 5375.999999999999
821510 5270.588235294118
822011 5488.0
822510 5714.285714285715
823010 5380.392156862745
823510 5600.0
824010 5490.1960784313715
824510 5375.999999999999
825010 5488.0
825510 5600.0
826010 5600.0
826510 5380.392156862745
827010 5600.0
827510 5488.0
828010 5600.0
828510 5488.0
829010 5488.0
829510 5600.0
830010 5490.1960784313715
830510 5488.0
831010 5488.0
831510 5488.0
832010 5488.0
832510 5712.0
833010 5488.0
833510 5488.0
834010 5488.0
834510 5488.0
835010 5600.0
835511 5600.0
836010 5488.0
836510 5380.392156862745
837010 5488.0
837510 5600.0
838010 5375.999999999999
838510 5712.0
839010 5488.0
839510 5375.999999999999
840010 5600.0
840510 5600.0
841010 5169.2307692307695
841510 5600.0
842010 5600.0
842512 5600.0
843010 5485.714285714285
843510 5600.0
844010 5600.0
844510 5488.0
845010 5490.1960784313715
845510 5488.0
846011 5375.999999999999
846510 5488.0
847010 5600.0
847510 5488.0
848010 5488.0
848510 5600.0
849010 5488.0
849510 5488.0
850010 5600.0
850510 5375.999999999999
851010 5600.0
851510 5600.0
852010 5488.0
852510 5600.0
853010 5380.392156862745
853510 5600.0
854010 5488.0
854510 5488.0
855010 5600.0
855510 5485.714285714285
856010 5488.0
856510 5600.0
857010 5600.0
857510 5375.999999999999
858010 5384.615384615384
858510 5714.285714285715
859010 5488.0
859510 5488.0
860010 5488.0
860510 5600.0
861010 5600.0
861510 5380.392156862745
862010 5488.0
862510 5600.0
863010 5488.0
863510 5600.0
864010 5488.0
864510 5488.0
865010 5714.285714285715
865510 5490.1960784313715
866010 5375.999999999999
866510 5488.0
867010 5600.0
867511 5488.0
868010 5488.0
868510 5600.0
869010 5488.0
869510 5488.0
870010 5712.0
870510 5375.999999999999
871011 5600.0
871511 5488.0
872010 5488.0
872510 5488.0
873010 5714.285714285715
873510 5380.392156862745
874010 5714.285714285715
874510 5488.0
875010 5380.392156862745
875510 5488.0
876010 5600.0
876510 5490.1960784313715
877010 5600.0
877510 5380.392156862745
878010 5600.0
878510 5600.0
879010 5488.0
879510 5600.0
880010 5488.0
880510 5380.392156862745
881010 5488.0
881510 5488.0
882010 5488.0
882510 5712.0
883010 5375.999999999999
883510 5600.0
884010 5600.0
884510 5488.0
885010 5600.0
885510 5375.999999999999
886011 5714.285714285715
886510 5375.999999999999
887010 5488.0
887510 5600.0
888010 5488.0
888510 5490.1960784313715
889010 5600.0
889510 5488.0
890010 5490.1960784313715
890510 5375.999999999999
891011 5375.999999999999
891510 5600.0
892010 5276.923076923077
892510 5600.0
893010 5600.0
893510 5488.0
894010 5600.0
894510 5600.0
895010 5488.0
895510 5488.0
896010 5488.0
896510 5488.0
897010 5712.0
897510 5375.999999999999
898010 5600.0
898510 5490.1960784313715
899010 5600.0
899510 5600.0
900010 5380.392156862745
900510 5488.0
901010 5488.0
901510 5600.0
902010 5488.0
902510 5375.999999999999
903010 5488.0
903511 5600.0
904010 5488.0
904510 5600.0
905010 5488.0
905510 5714.285714285715
906010 5380.392156862745
906510 5600.0
907010 5380.392156862745
907510 5600.0
908010 5380.392156862745
908510 5488.0
909010 5828.571428571428
909510 5375.999999999999
910010 5712.0
910510 5380.392156862745
911010 5488.0
911510 5040.0
912010 5028.571428571428
912510 5263.999999999999
913010 5488.0
913510 5490.1960784313715
914010 5714.285714285715
914510 5488.0
915010 5488.0
915510 5490.1960784313715
916010 5600.0
916510 5490.1960784313715
917010 5488.0
917510 5600.0
918010 5380.392156862745
918510 5488.0
919010 5600.0
919510 5600.0
920010 5488.0
920510 5375.999999999999
921010 5488.0
921510 5488.0
922010 5600.0
922510 5270.588235294118
923010 5488.0
923510 5600.0
924010 5488.0
924510 5600.0
925010 5600.0
925510 5488.0
926010 5488.0
926510 5600.0
927010 5600.0
927510 5375.999999999999
928010 5600.0
928510 5375.999999999999
929010 5488.0
929510 5488.0
930010 5712.0
930510 5488.0
931010 5600.0
931510 5490.1960784313715
932010 5600.0
932510 5375.999999999999
933010 5600.0
933510 5488.0
934010 5384.615384615384
934510 5600.0
935011 5488.0
935510 5600.0
936010 5488.0
936510 5600.0
937010 5600.0
937510 5380.392156862745
938010 5600.0
938510 5488.0
939010 5600.0
939510 5380.392156862745
940010 5600.0
940510 5600.0
941010 5600.0
941510 5600.0
942010 5380.392156862745
942510 5600.0
943010 5488.0
943510 5380.392156862745
944010 5488.0
944510 5600.0
945010 5488.0
945510 5600.0
946010 5488.0
946510 5600.0
947011 5488.0
947510 5488.0
948010 5375.999999999999
948510 5375.999999999999
949010 5600.0
949510 5488.0
950010 5600.0
950510 5600.0
951010 5380.392156862745
951510 5714.285714285715
952010 5380.392156862745
952510 5488.0
953010 5488.0
953510 5488.0
954010 5600.0
954510 5488.0
955010 5488.0
955510 5600.0
956010 5488.0
956510 5600.0
957010 5488.0
957510 5600.0
958011 5490.1960784313715
958510 5600.0
959010 5488.0
959510 5375.999999999999
960010 5380.392156862745
960510 5600.0
961010 5375.999999999999
961510 5600.0
962010 5488.0
962510 5714.285714285715
963010 5375.999999999999
963510 5380.392156862745
964010 5600.0
964510 5600.0
965012 5488.0
965510 5488.0
966010 5380.392156862745
966510 5600.0
967010 5488.0
967510 5600.0
968010 5488.0
968510 5488.0
969010 5600.0
969510 5488.0
970010 5485.714285714285
970510 5490.1960784313715
971010 5600.0
971510 5490.1960784313715
972010 5714.285714285715
972510 5380.392156862745
973010 5488.0
973510 5488.0
974010 5600.0
974511 5375.999999999999
975010 5600.0
975510 5714.285714285715
976010 5380.392156862745
976510 5488.0
977010 5600.0
977510 5600.0
978010 5488.0
978510 5600.0
979010 5488.0
979510 5490.1960784313715
980011 5600.0
980510 5380.392156862745
981010 5488.0
981510 5600.0
982010 5488.0
982510 5488.0
983010 5488.0
983510 5375.999999999999
984010 5714.285714285715
984510 5488.0
985010 5276.923076923077
985510 5600.0
986010 5488.0
986510 5600.0
987010 5714.285714285715
987510 5380.392156862745
988010 5488.0
988510 5600.0
989010 5600.0
989510 5488.0
990010 5600.0
990510 5488.0
991013 5380.392156862745
991510 5600.0
992010 5488.0
992510 5490.1960784313715
993010 5488.0
993510 5488.0
994010 5488.0
994510 5600.0
995010 5380.392156862745
995511 5485.714285714285
996010 5380.392156862745
996513 5488.0
997000 5600.0
997510 5492.3076923076915
998010 5600.0
998510 5380.392156862745
999010 5490.1960784313715
999510 5485.714285714285
1000010 5600.0
1000510 5375.999999999999
1001010 5600.0
1001510 5488.0
1002010 5488.0
1002510 5714.285714285715
1003010 5488.0
1003510 5600.0
1004010 5380.392156862745
1004510 5375.999999999999
1005010 5600.0
1005510 5485.714285714285
1006010 5600.0
1006510 5380.392156862745
1007010 5488.0
1007510 5600.0
1008010 5488.0
1008510 5488.0
1009010 5488.0
1009510 5488.0
1010010 5488.0
1010510 5488.0
1011010 5485.714285714285
1011510 5375.999999999999
1012010 5600.0
1012510 5375.999999999999
1013010 5600.0
1013510 5600.0
1014010 5488.0
1014510 5276.923076923077
1015010 5600.0
1015510 5375.999999999999
1016010 5488.0
1016510 5375.999999999999
1017010 5600.0
1017510 5488.0
1018010 5600.0
1018510 5488.0
1019010 5488.0
1019510 5600.0
1020010 5600.0
1020510 5488.0
1021010 5488.0
1021510 5488.0
1022010 5485.714285714285
1022510 5600.0
1023010 5488.0
1023510 5490.1960784313715
1024010 5600.0
1024510 5488.0
1025010 5600.0
1025510 5380.392156862745
1026010 5375.999999999999
1026510 5600.0
1027010 5375.999999999999
1027510 5600.0
1028010 5600.0
1028510 5490.1960784313715
1029010 5488.0
1029512 5600.0
1030010 5490.1960784313715
1030510 5375.999999999999
1031010 5488.0
1031510 5488.0
1032010 5488.0
1032510 5488.0
1033012 5380.392156862745
1033510 5600.0
1034010 5600.0
1034510 5488.0
1035010 5714.285714285715
1035510 5380.392156862745
1036010 5600.0
1036510 5380.392156862745
1037010 5488.0
1037510 5600.0
1038010 5488.0
1038510 5600.0
1039010 5380.392156862745
1039510 5714.285714285715
1040010 5600.0
1040510 5488.0
1041010 5488.0
1041510 5485.714285714285
1042010 5600.0
1042510 5488.0
1043010 5600.0
1043510 5380.392156862745
1044010 5600.0
1044510 5714.285714285715
1045010 5488.0
1045510 5270.588235294118
1046010 5600.0
1046510 5488.0
1047010 5488.0
1047510 5488.0
1048010 5600.0
1048510 5600.0
1049010 5714.285714285715
1049510 5380.392156862745
1050010 5600.0
1050510 5490.1960784313715
1051010 5714.285714285715
1051510 5488.0
1052010 5270.588235294118
1052510 5600.0
1053010 5488.0
1053510 5375.999999999999
1054010 5600.0
1054510 5600.0
1055010 5488.0
1055510 5714.285714285715
1056010 5380.392156862745
1056510 5600.0
1057010 5488.0
1057510 5375.999999999999
1058010 5600.0
1058510 5488.0
1059010 5488.0
1059510 5488.0
1060010 5600.0
1060510 5600.0
1061010 5600.0
1061510 5488.0
1062010 5380.392156862745
1062510 5488.0
1063010 5488.0
1063510 5488.0
1064010 5712.0
1064510 5488.0
1065010 5488.0
1065510 5600.0
1066010 5600.0
1066510 5490.1960784313715
1067010 5488.0
1067510 5270.588235294118
1068010 5714.285714285715
1068510 5488.0
1069010 5600.0
1069510 5488.0
1070010 5600.0
1070510 5600.0
1071010 5488.0
1071510 5488.0
1072010 5488.0
1072510 5600.0
1073010 5488.0
1073510 5380.392156862745
1074010 5600.0
1074510 5488.0
1075010 5600.0
1075510 5375.999999999999
1076010 5600.0
1076510 5488.0
1077010 5488.0
1077510 5488.0
1078010 5600.0
1078510 5490.1960784313715
1079010 5600.0
1079510 5380.392156862745
1080010 5600.0
1080510 5714.285714285715
1081010 5488.0
1081510 5488.0
1082010 5600.0
1082510 5488.0
1083010 5380.392156862745
1083510 5488.0
1084010 5488.0
1084510 5600.0
1085010 5600.0
1085510 5380.392156862745
1086010 5714.285714285715
1086510 5488.0
1087010 5600.0
1087510 5380.392156862745
1088010 5600.0
1088510 5380.392156862745
1089010 5600.0
1089510 5380.392156862745
1090010 5600.0
1090510 5600.0
1091010 5600.0
1091510 5488.0
1092010 5380.392156862745
1092510 5490.1960784313715
1093010 5600.0
1093510 5488.0
1094010 5488.0
1094510 5600.0
1095010 5380.392156862745
1095510 5600.0
1096010 5714.285714285715
1096510 5380.392156862745
1097010 5488.0
1097510 5600.0
1098010 5490.1960784313715
1098510 5488.0
1099010 5488.0
1099510 5488.0
1100010 5488.0
1100510 5714.285714285715
1101010 5380.392156862745
1101510 5600.0
1102010 5380.392156862745
1102510 5600.0
1103010 5488.0
1103510 5488.0
1104010 5600.0
1104510 5380.392156862745
1105010 5488.0
1105510 5488.0
1106010 5600.0
1106510 5488.0
1107010 5600.0
1107510 5485.714285714285
1108010 5380.392156862745
1108510 5488.0
1109010 5488.0
1109510 5600.0
1110010 5600.0
1110510 5488.0
1111010 5600.0
1111510 5490.1960784313715
1112010 5600.0
1112510 5375.999999999999
1113010 5600.0
1113510 5488.0
1114010 5714.285714285715
1114510 5270.588235294118
1115010 5600.0
1115510 5600.0
1116010 5380.392156862745
1116510 5714.285714285715
1117010 5600.0
1117510 5380.392156862745
1118010 5714.285714285715
1118510 5270.588235294118
1119010 5600.0
1119510 5488.0
1120010 5488.0
1120510 5600.0
1121010 5490.1960784313715
1121510 5600.0
1122010 5380.392156862745
1122510 5714.285714285715
1123010 5490.1960784313715
1123510 5380.392156862745
1124010 5714.285714285715
1124510 5375.999999999999
1125010 5600.0
1125510 5488.0
1126010 5490.1960784313715
1126510 5600.0
1127010 5600.0
1127510 5490.1960784313715
1128010 5488.0
1128510 5270.588235294118
1129010 5714.285714285715
1129510 5263.999999999999
1130010 5488.0
1130510 5488.0
1131010 5714.285714285715
1131510 5490.1960784313715
1132010 5488.0
1132510 5488.0
1133010 5600.0
1133510 5488.0
1134010 5600.0
1134510 5375.999999999999
1135010 5600.0
1135510 5488.0
1136010 5600.0
1136510 5488.0
1137010 5714.285714285715
1137510 5488.0
1138010 5380.392156862745
1138510 5375.999999999999
1139010 5380.392156862745
1139510 5714.285714285715
1140010 5488.0
1140510 5488.0
1141010 5714.285714285715
1141510 5380.392156862745
1142010 5488.0
1142510 5488.0
1143010 5712.0
1143510 5488.0
1144010 5375.999999999999
1144510 5600.0
1145010 5488.0
1145510 5485.714285714285
1146010 5490.1960784313715
1146510 5600.0
1147010 5488.0
1147510 5600.0
1148010 5600.0
1148510 5488.0
1149010 5712.0
1149510 5270.588235294118
1150010 5714.285714285715
1150510 5270.588235294118
1151010 5488.0
1151510 5488.0
1152010 5828.571428571428
1152510 5380.392156862745
1153010 5488.0
1153510 5600.0
1154010 5490.1960784313715
1154510 5600.0
1155010 5488.0
1155510 5488.0
1156010 5488.0
1156510 5488.0
1157010 5600.0
1157509 5488.0
1158010 5600.0
1158510 5600.0
1159010 5490.1960784313715
1159510 5488.0
1160010 5488.0
1160510 5600.0
1161010 5380.392156862745
1161510 5600.0
1162010 5600.0
1162510 5375.999999999999
1163010 5600.0
1163510 5488.0
1164010 5712.0
1164510 5488.0
1165010 5485.714285714285
1165510 5490.1960784313715
1166010 5375.999999999999
1166510 5828.571428571428
1167010 5488.0
1167510 5380.392156862745
1168010 5600.0
1168510 5490.1960784313715
1169010 5600.0
1169510 5380.392156862745
1170010 5485.714285714285
1170510 5488.0
1171010 5488.0
1171510 5488.0
1172010 5488.0
1172510 5488.0
1173010 5714.285714285715
1173510 5600.0
1174010 5380.392156862745
1174510 5600.0
1175010 5380.392156862745
1175510 5600.0
1176010 5488.0
1176510 5375.999999999999
1177010 5488.0
1177510 5600.0
1178010 5488.0
1178510 5714.285714285715
1179010 5490.1960784313715
1179510 5600.0
1180010 5380.392156862745
1180510 5714.285714285715
1181010 5488.0
1181510 5169.2307692307695
1182011 5600.0
1182510 5600.0
1183010 5488.0
1183510 5600.0
1184010 5488.0
1184510 5488.0
1185010 5600.0
1185510 5488.0
1186010 5600.0
1186510 5485.714285714285
1187010 5488.0
1187510 5490.1960784313715
1188010 5600.0
1188510 5488.0
1189009 5714.285714285715
1189510 5488.0
1190010 5488.0
1190510 5380.392156862745
1191009 5600.0
1191510 5375.999999999999
1192010 5600.0
1192510 5600.0
1193010 5600.0
1193510 5488.0
1194010 5380.392156862745
1194509 5714.285714285715
1195010 5490.1960784313715
1195510 5600.0
1196010 5488.0
1196510 5375.999999999999
1197010 5488.0
1197510 5600.0
1198010 5600.0
1198510 5490.1960784313715
1199010 5488.0
1199510 5714.285714285715
1200010 5380.392156862745
1200510 5488.0
1201010 5488.0
1201510 5488.0
1202010 5600.0
1202510 5490.1960784313715
1203010 5600.0
1203510 5490.1960784313715
1204010 5600.0
1204510 5488.0
1205010 5488.0
1205510 5600.0
1206010 5488.0
1206510 5488.0
1207010 5600.0
1207510 5488.0
1208010 5488.0
1208510 5488.0
1209010 5600.0
1209510 5600.0
1210010 5600.0
1210510 5380.392156862745
1211010 5712.0
1211510 5375.999999999999
1212010 5488.0
1212510 5600.0
1213010 5490.1960784313715
1213510 5488.0
1214010 5488.0
1214510 5828.571428571428
1215010 5488.0
1215510 5488.0
1216010 5490.1960784313715
1216510 5600.0
1217010 5488.0
1217510 5375.999999999999
1218010 5600.0
1218509 5375.999999999999
1219010 5488.0
1219510 5375.999999999999
1220010 5488.0
1220510 5600.0
1221010 5488.0
1221510 5270.588235294118
1222010 5375.999999999999
1222510 5375.999999999999
1223010 5488.0
1223510 5488.0
1224010 5600.0
1224510 5490.1960784313715
1225010 5488.0
1225510 5488.0
1226010 5488.0
1226510 5600.0
1227010 5488.0
1227510 5600.0
1228010 5375.999999999999
1228510 5600.0
1229010 5600.0
1229510 5600.0
1230010 5488.0
1230510 5490.1960784313715
1231010 5600.0
1231510 5380.392156862745
1232010 5488.0
1232510 5375.999999999999
1233009 5488.0
1233510 5600.0
1234010 5488.0
1234510 5600.0
1235010 5488.0
1235510 5488.0
1236010 5714.285714285715
1236510 5600.0
1237010 5380.392156862745
1237510 5488.0
1238010 5488.0
1238510 5600.0
1239010 5380.392156862745
1239510 5600.0
1240010 5488.0
1240510 5600.0
1241010 5488.0
1241510 5375.999999999999
1242010 5714.285714285715
1242510 5380.392156862745
1243010 5488.0
1243510 5488.0
1244009 5600.0
1244510 5380.392156862745
1245010 5600.0
1245510 5714.285714285715
1246010 5488.0
1246510 5380.392156862745
1247010 5714.285714285715
1247510 5490.1960784313715
1248010 5488.0
1248510 5488.0
1249010 5485.714285714285
1249510 5490.1960784313715
1250010 5600.0
1250510 5600.0
1251010 5490.1960784313715
1251510 5488.0
1252010 5488.0
1252510 5488.0
1253010 5600.0
1253509 5380.392156862745
1254010 5488.0
1254510 5600.0
1255010 5600.0
1255510 5714.285714285715
1256010 5488.0
1256510 5380.392156862745
1257010 5600.0
1257510 5600.0
1258010 5488.0
1258510 5600.0
1259010 5160.7843137254895
1259510 5488.0
1260010 5600.0
1260510 5600.0
1261010 5490.1960784313715
1261510 5600.0
1262010 5488.0
1262510 5488.0
1263010 5488.0
1263510 5488.0
1264010 5488.0
1264510 5600.0
1265010 5488.0
1265510 5600.0
1266010 5488.0
1266510 5600.0
1267009 5488.0
1267510 5488.0
1268010 5714.285714285715
1268510 5375.999999999999
1269010 5490.1960784313715
1269510 5488.0
1270010 5488.0
1270510 5600.0
1271010 5600.0
1271510 5490.1960784313715
1272010 5600.0
1272510 5380.392156862745
1273010 5488.0
1273510 5488.0
1274010 5488.0
1274510 5488.0
1275010 5600.0
1275510 5488.0
1276010 5714.285714285715
1276510 5488.0
1277010 5490.1960784313715
1277510 5600.0
1278010 5488.0
1278510 5380.392156862745
1279010 5488.0
1279510 5488.0
1280010 5600.0
1280510 5600.0
1281010 5488.0
1281510 5600.0
1282010 5488.0
1282510 5600.0
1283010 5380.392156862745
1283510 5714.285714285715
1284010 5380.392156862745
1284510 5488.0
1285010 5600.0
1285510 5488.0
1286010 5600.0
1286510 5600.0
1287010 5488.0
1287510 5488.0
1288010 5600.0
1288509 5485.714285714285
1289010 5490.1960784313715
1289510 5488.0
1290010 5488.0
1290510 5712.0
1291010 5600.0
1291510 5380.392156862745
1292010 5600.0
1292510 5490.1960784313715
1293010 5375.999999999999
1293510 5600.0
1294010 5488.0
1294510 5488.0
1295010 5600.0
1295510 5488.0
1296010 5600.0
1296510 5488.0
1297010 5712.0
1297510 5263.999999999999
1298010 5600.0
1298510 5600.0
1299010 5380.392156862745
1299510 5600.0
1300010 5488.0
1300510 5490.1960784313715
1301010 5714.285714285715
1301510 5488.0
1302010 5380.392156862745
1302509 5600.0
1303010 5488.0
1303510 5488.0
1304010 5488.0
1304510 5600.0
1305010 5488.0
1305510 5488.0
1306010 5828.571428571428
1306510 5380.392156862745
1307010 5488.0
1307510 5600.0
1308010 5380.392156862745
1308510 5600.0
1309010 5375.999999999999
1309510 5600.0
1310010 5714.285714285715
1310510 5380.392156862745
1311010 5600.0
1311510 5488.0
1312010 5380.392156862745
1312510 5488.0
1313010 5600.0
1313510 5375.999999999999
1314010 5600.0
1314510 5600.0
1315010 5380.392156862745
1315510 5600.0
1316010 5600.0
1316510 5600.0
1317009 5600.0
1317510 5380.392156862745
1318010 5488.0
1318510 5375.999999999999
1319010 5714.285714285715
1319510 5380.392156862745
1320010 5600.0
1320510 5488.0
1321010 5600.0
1321510 5488.0
1322010 5600.0
1322510 5600.0
1323010 5270.588235294118
1323510 5600.0
1324009 5488.0
1324510 5600.0
1325010 5488.0
1325510 5488.0
1326010 5600.0
1326510 5714.285714285715
1327010 5600.0
1327510 5380.392156862745
1328010 5488.0
1328510 5375.999999999999
1329010 5600.0
1329510 5600.0
1330010 5490.1960784313715
1330510 5600.0
1331010 5600.0
1331510 5488.0
1332009 5380.392156862745
1332510 5600.0
1333010 5375.999999999999
1333510 5488.0
1334010 5488.0
1334510 5600.0
1335010 5600.0
1335510 5488.0
1336010 5714.285714285715
1336510 5488.0
1337010 5490.1960784313715
1337510 5600.0
1338010 5488.0
1338510 5380.392156862745
1339010 5600.0
1339510 5600.0
1340010 5488.0
1340510 5380.392156862745
1341010 5600.0
1341510 5488.0
1342010 5600.0
1342510 5600.0
1343010 5270.588235294118
1343510 5600.0
1344010 5488.0
1344510 5488.0
1345009 5600.0
1345510 5600.0
1346010 5488.0
1346510 5600.0
1347010 5488.0
1347510 5600.0
1348010 5488.0
1348510 5488.0
1349010 5600.0
1349510 5380.392156862745
1350010 5600.0
1350509 5600.0
1351010 5490.1960784313715
1351510 5600.0
1352010 5600.0
1352510 5380.392156862745
1353010 5375.999999999999
1353510 5490.1960784313715
1354010 5600.0
1354510 5380.392156862745
1355010 5828.571428571428
1355510 5488.0
1356009 5488.0
1356510 5600.0
1357010 5488.0
1357510 5600.0
1358010 5488.0
1358510 5485.714285714285
1359010 5380.392156862745
1359510 5600.0
1360010 5380.392156862745
1360510 5714.285714285715
1361010 5380.392156862745
1361510 5600.0
1362010 5490.1960784313715
1362510 5488.0
1363010 5488.0
1363510 5488.0
1364010 5488.0
1364510 5600.0
1365010 5600.0
1365510 5490.1960784313715
1366010 5600.0
1366510 5600.0
1367010 5380.392156862745
1367510 5600.0
1368010 5270.588235294118
1368510 5600.0
1369010 5375.999999999999
1369510 5600.0
1370010 5488.0
1370510 5600.0
1371010 5488.0
1371510 5600.0
1372010 5380.392156862745
1372510 5600.0
1373010 5488.0
1373509 5485.714285714285
1374010 5490.1960784313715
1374510 5600.0
1375010 5490.1960784313715
1375510 5714.285714285715
1376010 5488.0
1376510 5600.0
1377010 5380.392156862745
1377510 5488.0
1378010 5488.0
1378510 5600.0
1379010 5375.999999999999
1379510 5714.285714285715
1380010 5600.0
1380510 5380.392156862745
1381010 5600.0
1381510 5488.0
1382010 5600.0
1382510 5375.999999999999
1383010 5714.285714285715
1383510 5375.999999999999
1384010 5490.1960784313715
1384510 5488.0
1385010 5600.0
1385510 5485.714285714285
1386010 5488.0
1386510 5384.615384615384
1387010 5375.999999999999
1387510 5600.0
1388010 5375.999999999999
1388510 5488.0
1389010 5488.0
1389510 5488.0
1390010 5600.0
1390510 5600.0
1391010 5600.0
1391510 5488.0
1392010 5488.0
1392510 5488.0
1393010 5380.392156862745
1393510 5375.999999999999
1394010 5712.0
1394510 5380.392156862745
1395010 5600.0
1395510 5488.0
1396010 5714.285714285715
1396510 5600.0
1397010 5380.392156862745
1397510 5380.392156862745
1398010 5600.0
1398510 5600.0
1399010 5380.392156862745
1399510 5600.0
1400010 5488.0
1400510 5600.0
1401010 5490.1960784313715
1401510 5375.999999999999
1402010 5600.0
1402510 5488.0
1403010 5488.0
1403510 5485.714285714285
1404010 5490.1960784313715
1404510 5600.0
1405010 5600.0
1405510 5488.0
1406010 5380.392156862745
1406510 5600.0
1407010 5600.0
1407510 5488.0
1408010 5600.0
1408510 5485.714285714285
1409009 5380.392156862745
1409510 5600.0
1410010 5714.285714285715
1410510 5380.392156862745
1411010 5488.0
1411510 5600.0
1412010 5600.0
1412510 5490.1960784313715
1413010 5375.999999999999
1413510 5600.0
1414010 5600.0
1414510 5380.392156862745
1415010 5600.0
1415510 5714.285714285715
1416010 5488.0
1416510 5380.392156862745
1417010 5488.0
1417510 5488.0
1418010 5488.0
1418510 5488.0
1419010 5600.0
1419510 5600.0
1420010 5380.392156862745
1420510 5714.285714285715
1421010 5380.392156862745
1421510 5600.0
1422010 5490.1960784313715
1422510 5600.0
1423010 5276.923076923077
1423510 5600.0
1424009 5488.0
1424510 5600.0
1425010 5488.0
1425510 5714.285714285715
1426010 5380.392156862745
1426510 5600.0
1427010 5600.0
1427510 5380.392156862745
1428010 5600.0
1428510 5375.999999999999
1429010 5600.0
1429510 5488.0
1430010 5600.0
1430510 5600.0
1431010 5490.1960784313715
1431510 5488.0
1432010 5600.0
1432510 5380.392156862745
1433010 5488.0
1433510 5600.0
1434010 5488.0
1434510 5490.1960784313715
1435010 5600.0
1435510 5488.0
1436010 5600.0
1436510 5375.999999999999
1437010 5600.0
1437510 5488.0
1438010 5485.714285714285
1438510 5270.588235294118
1439010 5600.0
1439510 5488.0
1440010 5600.0
1440510 5488.0
1441010 5488.0
1441510 5712.0
1442010 5488.0
1442510 5375.999999999999
1443010 5485.714285714285
1443510 5488.0
1444010 5488.0
1444510 5490.1960784313715
1445010 5600.0
1445510 5380.392156862745
1446010 5600.0
1446510 5488.0
1447010 5600.0
1447510 5600.0
1448010 5488.0
1448510 5488.0
1449010 5488.0
1449510 5488.0
1450010 5600.0
1450510 5488.0
1451010 5600.0
1451510 5600.0
1452010 5490.1960784313715
1452510 5375.999999999999
1453010 5600.0
1453510 5600.0
1454010 5380.392156862745
1454510 5600.0
1455010 5600.0
1455510 5488.0
1456010 5488.0
1456510 5714.285714285715
1457010 5490.1960784313715
1457510 5488.0
1458010 5600.0
1458510 5488.0
1459010 5488.0
1459510 5380.392156862745
1460010 5600.0
1460510 5714.285714285715
1461010 5270.588235294118
1461510 5712.0
1462010 5488.0
1462510 5600.0
1463010 5380.392156862745
1463510 5600.0
1464010 5375.999999999999
1464510 5492.3076923076915
1465010 5600.0
1465510 5488.0
1466010 5600.0
1466510 5490.1960784313715
1467010 5600.0
1467510 5490.1960784313715
1468010 5488.0
1468510 5375.999999999999
1469010 5600.0
1469510 5488.0
1470010 5600.0
1470510 5488.0
1471010 5714.285714285715
1471510 5488.0
1472010 5490.1960784313715
1472510 5375.999999999999
1473010 5488.0
1473510 5714.285714285715
1474010 5380.392156862745
1474510 5380.392156862745
1475010 5714.285714285715
1475510 5600.0
1476009 5488.0
1476510 5600.0
1477010 5600.0
1477510 5488.0
1478010 5600.0
1478510 5270.588235294118
1479010 5714.285714285715
1479510 5380.392156862745
1480010 5600.0
1480510 5380.392156862745
1481010 5714.285714285715
1481510 5488.0
1482010 5488.0
1482510 5714.285714285715
1483010 5380.392156862745
1483510 5488.0
1484010 5485.714285714285
1484510 5600.0
1485010 5380.392156862745
1485510 5488.0
1486010 5490.1960784313715
1486510 5600.0
1487010 5488.0
1487510 5600.0
1488010 5600.0
1488510 5380.392156862745
1489010 5488.0
1489510 5488.0
1490010 5488.0
1490510 5712.0
1491010 5488.0
1491510 5488.0
1492010 5714.285714285715
1492510 5270.588235294118
1493010 5714.285714285715
1493510 5375.999999999999
1494010 5490.1960784313715
1494510 5488.0
1495010 5600.0
1495510 5488.0
1496009 5600.0
1496510 5488.0
1497010 5600.0
1497510 5488.0
1498010 5600.0
1498510 5600.0
1499010 5488.0
1499510 5488.0
1500010 5600.0
1500510 5600.0
1501010 5380.392156862745
1501510 5600.0
1502010 5488.0
1502510 5488.0
1503010 5488.0
1503510 5485.714285714285
1504010 5270.588235294118
1504510 5488.0
1505010 5488.0
1505510 5488.0
1506010 5488.0
1506510 5488.0
1507010 5714.285714285715
1507510 5490.1960784313715
1508010 5600.0
1508510 5380.392156862745
1509010 5600.0
1509510 5600.0
1510010 5270.588235294118
1510510 5600.0
1511009 5488.0
1511510 5600.0
1512010 5488.0
1512510 5488.0
1513010 5600.0
1513510 5488.0
1514010 5714.285714285715
1514510 5488.0
1515010 5488.0
1515510 5380.392156862745
1516010 5600.0
1516509 5714.285714285715
1517010 5490.1960784313715
1517510 5375.999999999999
1518010 5485.714285714285
1518509 5160.7843137254895
1519010 5600.0
1519510 5600.0
1520010 5490.1960784313715
1520510 5375.999999999999
1521010 5488.0
1521510 5375.999999999999
1522010 5600.0
1522510 5488.0
1523010 5488.0
1523510 5712.0
1524010 5488.0
1524510 5488.0
1525010 5488.0
1525510 5600.0
1526010 5380.392156862745
1526510 5488.0
1527010 5490.1960784313715
1527509 5600.0
1528010 5714.285714285715
1528510 5600.0
1529010 5270.588235294118
1529510 5828.571428571428
1530010 5380.392156862745
1530510 5488.0
1531010 5714.285714285715
1531509 5488.0
1532010 5490.1960784313715
1532510 5488.0
1533010 5488.0
1533509 5600.0
1534010 5488.0
1534510 5488.0
1535010 5488.0
1535510 5714.285714285715
1536010 5380.392156862745
1536510 5714.285714285715
1537009 5380.392156862745
1537510 5828.571428571428
1538010 5270.588235294118
1538510 5714.285714285715
1539010 5380.392156862745
1539510 5600.0
1540010 5488.0
1540510 5600.0
1541010 5488.0
1541510 5488.0
1542010 5714.285714285715
1542510 5276.923076923077
1543010 5600.0
1543510 5714.285714285715
1544010 5488.0
1544510 5600.0
1545010 5488.0
1545510 5600.0
1546010 5600.0
1546510 5488.0
1547010 5600.0
1547510 5380.392156862745
1548010 5600.0
1548510 5600.0
1549010 5600.0
1549510 5380.392156862745
1550010 5375.999999999999
1550510 5714.285714285715
1551010 5270.588235294118
1551510 5600.0
1552010 5270.588235294118
1552510 5600.0
1553010 5600.0
1553510 5488.0
1554010 5488.0
1554510 5488.0
1555010 5714.285714285715
1555510 5380.392156862745
1556010 5600.0
1556510 5600.0
1557010 5490.1960784313715
1557510 5488.0
1558010 5714.285714285715
1558510 5380.392156862745
1559010 5488.0
1559510 5600.0
1560010 5714.285714285715
1560510 5488.0
1561010 5380.392156862745
1561510 5714.285714285715
1562010 5380.392156862745
1562510 5600.0
1563010 5600.0
1563510 5270.588235294118
1564010 5600.0
1564510 5600.0
1565010 5488.0
1565510 5600.0
1566010 5375.999999999999
1566510 5600.0
1567010 5488.0
1567510 5600.0
1568010 5600.0
1568510 5490.1960784313715
1569010 5600.0
1569510 5490.1960784313715
1570010 5600.0
1570509 5490.1960784313715
1571010 5488.0
1571510 5600.0
1572009 5488.0
1572510 5488.0
1573010 5600.0
1573510 5488.0
1574010 5600.0
1574510 5600.0
1575010 5600.0
1575509 5600.0
1576010 5380.392156862745
1576510 5600.0
1577010 5490.1960784313715
1577510 5488.0
1578010 5600.0
1578510 5600.0
1579010 5488.0
1579510 5488.0
1580009 5600.0
1580510 5600.0
1581010 5488.0
1581510 5714.285714285715
1582010 5380.392156862745
1582510 5714.285714285715
1583010 5380.392156862745
1583510 5488.0
1584010 5714.285714285715
1584510 5490.1960784313715
1585010 5380.392156862745
