0 799.9999999999999
507 5319.999999999999
1006 5152.0
1506 5263.999999999999
2006 2800.0
2507 0.0
3006 3360.0
3507 895.9999999999999
4007 0.0
4506 335.99999999999994
5007 0.0
5506 0.0
6006 3542.8571428571427
6506 5600.0
7006 5375.999999999999
7507 5600.0
8007 5270.588235294118
8506 5488.0
9007 5270.588235294118
9506 5600.0
10007 5485.714285714285
10507 5488.0
11006 5488.0
11507 5375.999999999999
12006 5488.0
12506 5488.0
13007 5375.999999999999
13506 5488.0
14006 5270.588235294118
14507 5714.285714285715
15006 5380.392156862745
15506 5600.0
16007 5380.392156862745
16507 5600.0
17006 5375.999999999999
17506 5380.392156862745
18006 5714.285714285715
18507 5270.588235294118
19006 5600.0
19506 5488.0
20006 5380.392156862745
20507 5714.285714285715
21007 5380.392156862745
21506 5488.0
22006 5485.714285714285
22507 5488.0
23007 5488.0
23506 5375.999999999999
24006 5490.1960784313715
24507 5600.0
25007 5488.0
25506 5488.0
26007 5485.714285714285
26507 5380.392156862745
27007 5488.0
27507 5380.392156862745
28007 5600.0
28507 5375.999999999999
29006 4816.0
29506 5375.999999999999
30007 5375.999999999999
30507 5375.999999999999
31006 5371.428571428571
31506 5276.923076923077
32007 5488.0
32506 5488.0
33006 5375.999999999999
33507 5375.999999999999
34007 5714.285714285715
34506 5375.999999999999
35006 5488.0
35506 5600.0
36007 5488.0
36507 5488.0
37007 5375.999999999999
37507 5488.0
38006 5488.0
38506 5488.0
39006 5375.999999999999
39507 5488.0
40006 5600.0
40506 5488.0
41006 5375.999999999999
41507 5600.0
42006 5485.714285714285
42506 5600.0
43006 5270.588235294118
43507 5380.392156862745
44007 5485.714285714285
44506 5488.0
45006 5488.0
45507 5600.0
46007 5488.0
46506 5488.0
47006 5375.999999999999
47506 5490.1960784313715
48006 5600.0
48506 5488.0
49007 5375.999999999999
49507 5488.0
50006 5488.0
50506 5488.0
51007 5488.0
51507 5488.0
52006 5600.0
52506 5375.999999999999
53007 5490.1960784313715
53506 5600.0
54006 5375.999999999999
54506 5488.0
55006 5490.1960784313715
55506 5485.714285714285
56006 5600.0
56506 5375.999999999999
57006 5600.0
57506 5375.999999999999
58006 5714.285714285715
58507 5490.1960784313715
59006 5375.999999999999
59506 5380.392156862745
60006 5488.0
60506 5600.0
61006 5488.0
61506 5488.0
62007 5375.999999999999
62507 5600.0
63006 5152.0
63507 5488.0
64007 5488.0
64506 5600.0
65006 5375.999999999999
65507 5600.0
66006 5375.999999999999
66506 5490.1960784313715
67006 5488.0
67506 5488.0
68006 5485.714285714285
68507 5488.0
69006 5488.0
69506 5488.0
70006 5375.999999999999
70506 5490.1960784313715
71006 5600.0
71506 5270.588235294118
72006 5488.0
72506 5485.714285714285
73006 5490.1960784313715
73507 5375.999999999999
74006 5375.999999999999
74506 5600.0
75006 5600.0
75507 5380.392156862745
76007 5600.0
76506 5488.0
77006 5488.0
77507 5488.0
78006 5488.0
78507 5488.0
79007 5600.0
79506 5600.0
80006 5169.2307692307695
80506 5714.285714285715
81007 5375.999999999999
81506 5488.0
82006 5488.0
82506 5600.0
83007 5375.999999999999
83506 5488.0
84006 5488.0
84507 5488.0
85007 5488.0
85506 5488.0
86006 5380.392156862745
86506 5600.0
87006 5488.0
87506 5270.588235294118
88006 5600.0
88506 5600.0
89007 5380.392156862745
89506 5488.0
90006 5600.0
90507 5490.1960784313715
91006 5485.714285714285
91507 5600.0
92006 5380.392156862745
92506 5488.0
93007 5380.392156862745
93507 5600.0
94006 5488.0
94506 5490.1960784313715
95006 5488.0
95506 5485.714285714285
96006 5488.0
96506 5488.0
97007 5380.392156862745
97506 5488.0
98006 5714.285714285715
98507 5270.588235294118
99007 5488.0
99506 5714.285714285715
100006 5488.0
100507 5375.999999999999
101007 5380.392156862745
101506 5600.0
102006 5600.0
102507 5375.999999999999
103006 5600.0
103506 5375.999999999999
104006 5600.0
104506 5488.0
105006 5600.0
105506 5380.392156862745
106007 5375.999999999999
106507 5714.285714285715
107006 5380.392156862745
107506 5375.999999999999
108006 5488.0
108506 5488.0
109007 5488.0
109506 5488.0
110006 5600.0
110507 5488.0
111006 5375.999999999999
111507 5600.0
112006 5600.0
112506 5375.999999999999
113006 5490.1960784313715
113507 5600.0
114007 5380.392156862745
114506 5600.0
115006 5488.0
115506 5270.588235294118
116006 5714.285714285715
116506 5375.999999999999
117006 5488.0
117506 5714.285714285715
118006 5380.392156862745
118506 5600.0
119007 5375.999999999999
119507 5600.0
120006 5600.0
120506 5488.0
121006 5380.392156862745
121507 5485.714285714285
122007 5488.0
122506 5600.0
123006 5488.0
123506 5490.1960784313715
124007 5488.0
124506 5600.0
125006 5270.588235294118
125506 5600.0
126006 5375.999999999999
126506 5488.0
127007 5488.0
127506 5600.0
128006 5488.0
128506 5490.1960784313715
129006 5488.0
129506 5600.0
130007 5488.0
130507 5380.392156862745
131007 5600.0
131507 5488.0
132006 5488.0
132506 5488.0
133006 5600.0
133506 5488.0
134006 5488.0
134507 5488.0
135006 5712.0
135507 5375.999999999999
136006 5488.0
136506 5380.392156862745
137006 5600.0
137506 5488.0
138006 5600.0
138507 5488.0
139006 5380.392156862745
139506 5600.0
140007 5600.0
140506 5488.0
141006 5488.0
141506 5600.0
142006 5380.392156862745
142507 5488.0
143006 5380.392156862745
143506 5714.285714285715
144006 5375.999999999999
144506 5600.0
145007 5380.392156862745
145506 5714.285714285715
146006 5488.0
146506 5488.0
147006 5375.999999999999
147506 5488.0
148006 5488.0
148506 5488.0
149006 5488.0
149506 5488.0
150007 5380.392156862745
150506 5714.285714285715
151007 5380.392156862745
151506 5488.0
152006 5488.0
152506 5600.0
153006 5380.392156862745
153506 5600.0
154006 5380.392156862745
154506 5714.285714285715
155006 5488.0
155507 5600.0
156007 5490.1960784313715
156506 5485.714285714285
157006 5488.0
157506 5380.392156862745
158006 5600.0
158506 5490.1960784313715
159007 5600.0
159506 5488.0
160007 5488.0
160507 5490.1960784313715
161006 5714.285714285715
161506 5380.392156862745
162006 5485.714285714285
162506 5600.0
163006 5375.999999999999
163506 5600.0
164006 5488.0
164506 5371.428571428571
165006 5490.1960784313715
165507 5600.0
166007 5276.923076923077
166506 5600.0
167006 5488.0
167507 5600.0
168007 5276.923076923077
168507 5600.0
169006 5600.0
169506 5490.1960784313715
170006 5375.999999999999
170506 5714.285714285715
171006 5488.0
171506 5714.285714285715
172007 5488.0
172507 5488.0
173007 5380.392156862745
173506 5488.0
174006 5488.0
174506 5375.999999999999
175006 5600.0
175506 5380.392156862745
176006 5600.0
176507 5600.0
177007 5600.0
177506 5488.0
178006 5488.0
178518 5384.615384615384
179006 5600.0
179506 5488.0
180007 5600.0
180506 5488.0
181006 5380.392156862745
181506 5714.285714285715
182007 5488.0
182506 5488.0
183006 5488.0
183516 5490.1960784313715
184007 5485.714285714285
184507 5488.0
185006 5600.0
185506 5380.392156862745
186006 5714.285714285715
186506 5380.392156862745
187017 5600.0
187506 5600.0
188016 5490.1960784313715
188506 5371.428571428571
189016 5490.1960784313715
189506 5600.0
190006 5380.392156862745
190506 5714.285714285715
191017 5490.1960784313715
191506 5485.714285714285
192006 5600.0
192506 5488.0
193006 5600.0
193506 5375.999999999999
194006 5600.0
194506 5375.999999999999
195007 5600.0
195507 5490.1960784313715
196006 5600.0
196506 5600.0
197006 5600.0
197506 5380.392156862745
198006 5380.392156862745
198517 5600.0
199007 5375.999999999999
199506 5600.0
200006 5488.0
200506 5600.0
201006 5488.0
201506 5600.0
202006 5380.392156862745
202506 5714.285714285715
203006 5270.588235294118
203506 5600.0
204006 5488.0
204506 5488.0
205007 5270.588235294118
205507 5600.0
206007 5600.0
206506 5380.392156862745
207006 5714.285714285715
207506 5488.0
208006 5488.0
208506 5488.0
209007 5488.0
209507 5488.0
210007 5485.714285714285
210506 5490.1960784313715
211006 5600.0
211506 5600.0
212006 5380.392156862745
212517 5490.1960784313715
213006 5600.0
213506 5488.0
214006 5488.0
214506 5375.999999999999
215006 5490.1960784313715
215516 5488.0
216017 5490.1960784313715
216507 5716.666666666666
217006 5488.0
217506 5488.0
218006 5600.0
218516 5490.1960784313715
219007 5600.0
219506 5488.0
220007 5276.923076923077
220506 5600.0
221017 5600.0
221506 5485.714285714285
222006 5488.0
222506 5600.0
223016 5490.1960784313715
223507 5600.0
224006 5488.0
224507 5375.999999999999
225006 5488.0
225506 5600.0
226006 5488.0
226506 5488.0
227016 5600.0
227507 5485.714285714285
228006 5600.0
228506 5488.0
229006 5600.0
229506 5600.0
230006 5375.999999999999
230506 5600.0
231017 5384.615384615384
231507 5716.666666666666
232006 5380.392156862745
232506 5714.285714285715
233006 5380.392156862745
233506 5490.1960784313715
234006 5375.999999999999
234517 5712.0
235006 5485.714285714285
235506 5488.0
236006 5600.0
236506 5380.392156862745
237006 5600.0
237507 5490.1960784313715
238006 5488.0
238517 5490.1960784313715
239006 5600.0
239507 5375.999999999999
240007 5488.0
240507 5270.588235294118
241006 5714.285714285715
241506 5375.999999999999
242006 5600.0
242506 5380.392156862745
243006 5600.0
243506 5600.0
244017 5492.3076923076915
244507 5485.714285714285
245006 5485.714285714285
245507 5600.0
246007 5380.392156862745
246506 5488.0
247006 5600.0
247506 5488.0
248006 5712.0
248517 5490.1960784313715
249007 5485.714285714285
249506 5488.0
250006 5600.0
250506 5488.0
251016 5490.1960784313715
251507 5488.0
252006 5380.392156862745
252506 5600.0
253006 5488.0
253506 5600.0
254007 5490.1960784313715
254507 5488.0
255006 5714.285714285715
255507 5375.999999999999
256006 5488.0
256516 5490.1960784313715
257017 5600.0
257506 5600.0
258006 5488.0
258506 5488.0
259006 5600.0
259517 5490.1960784313715
260007 5485.714285714285
260506 5380.392156862745
261006 5600.0
261506 5488.0
262006 5488.0
262506 5488.0
263016 5600.0
263517 5600.0
264006 5600.0
264506 5380.392156862745
265006 5600.0
265506 5488.0
266017 5490.1960784313715
266507 5485.714285714285
267007 5488.0
267507 5600.0
268006 5488.0
268507 5488.0
269006 5714.285714285715
269506 5380.392156862745
270006 5488.0
270507 5488.0
271006 5488.0
271517 5490.1960784313715
272006 5485.714285714285
272506 5828.571428571428
273006 5270.588235294118
273506 5380.392156862745
274006 5714.285714285715
274517 5492.3076923076915
275007 5485.714285714285
275506 5714.285714285715
276006 5488.0
276506 5375.999999999999
277006 5380.392156862745
277516 5600.0
278007 5488.0
278507 5714.285714285715
279006 5488.0
279506 5488.0
280006 5488.0
280516 5600.0
281017 5375.999999999999
281506 5485.714285714285
282017 5490.1960784313715
282506 5600.0
283006 5380.392156862745
283506 5828.571428571428
284006 5488.0
284507 5380.392156862745
285007 5600.0
285506 5488.0
286006 5488.0
286506 5485.714285714285
287007 5380.392156862745
287506 5600.0
288006 5714.285714285715
288506 5270.588235294118
289006 5488.0
289516 5600.0
290016 5488.0
290507 5483.333333333332
291006 5380.392156862745
291507 5488.0
292006 5714.285714285715
292507 5488.0
293006 5380.392156862745
293506 5714.285714285715
294006 5600.0
294506 5488.0
295016 5490.1960784313715
295517 5600.0
296006 5485.714285714285
296506 5600.0
297006 5375.999999999999
297506 5600.0
298007 5488.0
298506 5270.588235294118
299006 5714.285714285715
299506 5600.0
300006 5488.0
300506 5490.1960784313715
301017 5600.0
301507 5375.999999999999
302006 5600.0
302506 5488.0
303006 5600.0
303516 5490.1960784313715
304007 5485.714285714285
304507 5488.0
305006 5488.0
305506 5828.571428571428
306006 5488.0
306506 5490.1960784313715
307007 5380.392156862745
307506 5375.999999999999
308007 5488.0
308506 5714.285714285715
309006 5380.392156862745
309506 5600.0
310006 5488.0
310506 5490.1960784313715
311006 5600.0
311508 5485.714285714285
312007 5488.0
312508 5488.0
313006 5485.714285714285
313506 5490.1960784313715
314017 5490.1960784313715
314507 5600.0
315006 5488.0
315506 5488.0
316006 5600.0
316516 5490.1960784313715
317007 5485.714285714285
317507 5380.392156862745
318006 5714.285714285715
318506 5380.392156862745
319006 5488.0
319506 5714.285714285715
320016 5600.0
320516 5488.0
321007 5375.999999999999
321506 5714.285714285715
322006 5488.0
322506 5375.999999999999
323016 5600.0
323506 5485.714285714285
324006 5488.0
324507 5600.0
325007 5714.285714285715
325506 5488.0
326006 5490.1960784313715
326506 5488.0
327007 5600.0
327506 5488.0
328017 5283.018867924528
328507 5716.666666666666
329006 5375.999999999999
329507 5600.0
330006 5488.0
330506 5488.0
331007 5600.0
331507 5600.0
332006 5488.0
332506 5488.0
333006 5380.392156862745
333507 5600.0
334007 5375.999999999999
334506 5712.0
335006 5488.0
335506 5488.0
336006 5600.0
336506 5488.0
337016 5600.0
337516 5488.0
338006 5485.714285714285
338506 5488.0
339006 5600.0
339506 5380.392156862745
340006 5380.392156862745
340506 5828.571428571428
341006 5488.0
341516 5490.1960784313715
342017 5490.1960784313715
342507 5600.0
343006 5488.0
343506 5380.392156862745
344006 5600.0
344507 5600.0
345006 5488.0
345517 5600.0
346006 5600.0
346506 5490.1960784313715
347006 5488.0
347506 5488.0
348016 5490.1960784313715
348517 5488.0
349007 5485.714285714285
349506 5714.285714285715
350006 5270.588235294118
350506 5490.1960784313715
351007 5714.285714285715
351506 5488.0
352007 5600.0
352506 5488.0
353006 5488.0
353507 5488.0
354006 5380.392156862745
354506 5600.0
355006 5490.1960784313715
355516 5600.0
356017 5600.0
356506 5485.714285714285
357006 5488.0
357506 5488.0
358006 5600.0
358506 5488.0
359017 5490.1960784313715
359506 5600.0
360007 5488.0
360506 5375.999999999999
361006 5600.0
361506 5488.0
362006 5488.0
362506 5600.0
363007 5488.0
363507 5488.0
364006 5714.285714285715
364506 5380.392156862745
365006 5485.714285714285
365506 5490.1960784313715
366017 5600.0
366507 5600.0
367006 5380.392156862745
367506 5600.0
368006 5490.1960784313715
368517 5600.0
369007 5375.999999999999
369506 5600.0
370006 5488.0
370506 5488.0
371006 5488.0
371507 5600.0
372007 5488.0
372506 5712.0
373006 5488.0
373506 5488.0
374006 5375.999999999999
374507 5490.1960784313715
375006 5485.714285714285
375510 5380.392156862745
376006 5714.285714285715
376506 5488.0
377017 5490.1960784313715
377507 5485.714285714285
378006 5600.0
378506 5600.0
379006 5380.392156862745
379516 5490.1960784313715
380006 5371.428571428571
380517 5600.0
381006 5600.0
381506 5488.0
382007 5488.0
382506 5600.0
383006 5488.0
383506 5600.0
384016 5488.0
384517 5276.923076923077
385006 5485.714285714285
385506 5600.0
386006 5600.0
386506 5490.1960784313715
387007 5600.0
387507 5600.0
388006 5488.0
388507 5600.0
389006 5488.0
389506 5488.0
390006 4816.0
390507 5488.0
391006 5375.999999999999
391506 5600.0
392006 5600.0
392517 5492.3076923076915
393007 5600.0
393506 5380.392156862745
394006 5600.0
394506 5488.0
395016 5276.923076923077
395507 5600.0
396007 5488.0
396506 5600.0
397006 5600.0
397506 5488.0
398006 5600.0
398506 5600.0
399007 5169.2307692307695
399506 5488.0
400016 5380.392156862745
400506 5716.666666666666
401007 5488.0
401506 5488.0
402017 5490.1960784313715
402506 5600.0
403006 5488.0
403506 5600.0
404017 5490.1960784313715
404506 5600.0
405006 5375.999999999999
405506 5600.0
406016 5384.615384615384
406506 5488.0
407006 5600.0
407507 5600.0
408006 5488.0
408517 5490.1960784313715
409008 5600.0
409506 5488.0
410006 5488.0
410506 5488.0
411007 5270.588235294118
411507 5600.0
412006 5488.0
412507 5380.392156862745
413006 5714.285714285715
413506 5488.0
414006 5488.0
414516 5490.1960784313715
415007 5485.714285714285
415507 5488.0
416006 5488.0
416506 5490.1960784313715
417006 5375.999999999999
417506 5600.0
418006 5600.0
418507 5600.0
419007 5380.392156862745
419506 5714.285714285715
420006 5488.0
420506 5600.0
421016 5380.392156862745
421506 5600.0
422006 5375.999999999999
422506 5488.0
423007 5490.1960784313715
423506 5488.0
424017 5600.0
424506 5600.0
425006 5600.0
425506 5488.0
426006 5485.714285714285
426506 5270.588235294118
427006 5488.0
427506 5490.1960784313715
428017 5600.0
428506 5488.0
429007 5488.0
429506 5488.0
430006 5714.285714285715
430506 5380.392156862745
431006 5600.0
431506 5488.0
432006 5488.0
432506 5488.0
433017 5600.0
433507 5371.428571428571
434006 5712.0
434506 5488.0
435006 5714.285714285715
435516 5071.698113207547
436007 5716.666666666666
436507 5488.0
437006 5488.0
437506 5375.999999999999
438006 5488.0
438506 5600.0
439016 5600.0
439516 5600.0
440006 5375.999999999999
440506 5714.285714285715
441007 5380.392156862745
441506 5380.392156862745
442006 5488.0
442506 5600.0
443006 5380.392156862745
443506 5600.0
444007 5600.0
444507 5488.0
445006 5488.0
445506 5600.0
446006 5488.0
446506 5485.714285714285
447006 5276.923076923077
447516 5490.1960784313715
448017 5600.0
448507 5600.0
449006 5600.0
449506 5488.0
450006 5380.392156862745
450507 5714.285714285715
451007 5488.0
451506 5488.0
452006 5488.0
452516 5490.1960784313715
453017 5488.0
453506 5485.714285714285
454006 5600.0
454506 5600.0
455017 5490.1960784313715
455507 5485.714285714285
456006 5490.1960784313715
456506 5375.999999999999
457007 5600.0
457506 5270.588235294118
458006 5828.571428571428
458506 5488.0
459007 5600.0
459506 5488.0
460017 5384.615384615384
460506 5716.666666666666
461006 5488.0
461507 5488.0
462006 5488.0
462506 5488.0
463016 5490.1960784313715
463506 5600.0
464016 5490.1960784313715
464507 5600.0
465006 5600.0
465506 5380.392156862745
466006 5600.0
466506 5600.0
467017 5380.392156862745
467507 5600.0
468007 5380.392156862745
468506 5600.0
469007 5600.0
469506 5488.0
470017 5600.0
470507 5485.714285714285
471006 5600.0
471506 5490.1960784313715
472006 5488.0
472516 5492.3076923076915
473007 5483.333333333332
473506 5488.0
474016 5490.1960784313715
474517 5712.0
475007 5485.714285714285
475506 5488.0
476006 5600.0
476506 5490.1960784313715
477016 5490.1960784313715
477507 5600.0
478006 5488.0
478506 5600.0
479006 5375.999999999999
479506 5276.923076923077
480006 5600.0
480516 5600.0
481017 5380.392156862745
481507 5600.0
482006 5380.392156862745
482506 5600.0
483006 5600.0
483516 5384.615384615384
484006 5600.0
484506 5488.0
485007 5488.0
485506 5600.0
486006 5488.0
486506 5714.285714285715
487006 5488.0
487507 5380.392156862745
488006 5488.0
488516 5488.0
489017 5490.1960784313715
489506 5600.0
490006 5600.0
490506 5488.0
491007 5380.392156862745
491507 5600.0
492006 5600.0
492506 5488.0
493006 5488.0
493506 5600.0
494007 5375.999999999999
494506 5600.0
495017 5600.0
495506 5485.714285714285
496006 5488.0
496506 5600.0
497007 5600.0
497506 5488.0
498006 5380.392156862745
498506 5600.0
499016 5384.615384615384
499517 5600.0
500006 5488.0
500506 5714.285714285715
501006 5488.0
501507 5488.0
502007 5600.0
502506 5488.0
503006 5600.0
503506 5600.0
504007 5270.588235294118
504506 5600.0
505006 5600.0
505506 5600.0
506006 5488.0
506506 5488.0
507007 5600.0
507507 5488.0
508007 5488.0
508506 5488.0
509007 5488.0
509507 5600.0
510006 5488.0
510506 5600.0
511006 5375.999999999999
511517 5490.1960784313715
512006 5488.0
512516 5600.0
513006 5485.714285714285
513506 5488.0
514006 5375.999999999999
514506 5600.0
515006 5488.0
515517 5712.0
516006 5485.714285714285
516506 5490.1960784313715
517006 5488.0
517516 5384.615384615384
518007 5716.666666666666
518506 5488.0
519006 5488.0
519506 5380.392156862745
520006 5714.285714285715
520516 5490.1960784313715
521007 5600.0
521507 5600.0
522006 5488.0
522506 5600.0
523006 5380.392156862745
523506 5600.0
524006 5380.392156862745
524517 5490.1960784313715
525007 5600.0
525506 5490.1960784313715
526006 5600.0
526506 5488.0
527016 5490.1960784313715
527507 5600.0
528006 5600.0
528517 5177.358490566037
529006 5716.666666666666
529506 5600.0
530006 5380.392156862745
530506 5600.0
531007 5600.0
531506 5488.0
532017 5600.0
532506 5600.0
533006 5485.714285714285
533506 5380.392156862745
534006 5380.392156862745
534517 5824.0
535006 5371.428571428571
535506 5712.0
536006 5488.0
536506 5488.0
537017 5600.0
537506 5371.428571428571
538006 5600.0
538506 5375.999999999999
539006 5600.0
539507 5600.0
540007 5600.0
540507 5488.0
541006 5600.0
541506 5380.392156862745
542006 5488.0
542516 5600.0
543017 5380.392156862745
543507 5375.999999999999
544007 5600.0
544506 5488.0
545016 5492.3076923076915
545516 5488.0
546007 5600.0
546506 5600.0
547006 5490.1960784313715
547506 5714.285714285715
548006 5263.999999999999
548506 5488.0
549006 5488.0
549506 5600.0
550006 5488.0
550507 5600.0
551006 5600.0
551517 5492.3076923076915
552006 5600.0
552506 5384.615384615384
553006 5488.0
553506 5600.0
554006 5375.999999999999
554506 5600.0
555007 5488.0
555506 5600.0
556017 5490.1960784313715
556506 5485.714285714285
557006 5600.0
557506 5490.1960784313715
558006 5375.999999999999
558517 5712.0
559006 5371.428571428571
559506 5600.0
560006 5600.0
560506 5488.0
561016 5600.0
561516 5488.0
562006 5716.666666666666
562506 5600.0
563006 5270.588235294118
563506 5600.0
564006 5488.0
564507 5488.0
565006 5488.0
565506 5600.0
566007 5600.0
566506 5488.0
567017 5490.1960784313715
567507 5371.428571428571
568006 5488.0
568506 5488.0
569007 5488.0
569507 5714.285714285715
570006 5276.923076923077
570506 5714.285714285715
571006 5380.392156862745
571507 5714.285714285715
572007 5488.0
572506 5600.0
573006 5375.999999999999
573506 5600.0
574006 5380.392156862745
574506 5488.0
575006 5714.285714285715
575507 5488.0
576007 5380.392156862745
576506 5714.285714285715
577006 5600.0
577506 5600.0
578007 5270.588235294118
578506 5714.285714285715
579006 5380.392156862745
579506 5600.0
580006 5600.0
580506 5600.0
581007 5600.0
581507 5380.392156862745
582007 5488.0
582506 5488.0
583006 5490.1960784313715
583506 5485.714285714285
584016 5490.1960784313715
584507 5600.0
585006 5600.0
585506 5380.392156862745
586006 5714.285714285715
586506 5488.0
587006 5490.1960784313715
587506 5485.714285714285
588006 5488.0
588507 5488.0
589007 5714.285714285715
589506 5488.0
590006 5276.923076923077
590506 5600.0
591007 5600.0
591507 5600.0
592006 5490.1960784313715
592506 5485.714285714285
593006 5488.0
593506 5488.0
594006 5488.0
594507 5488.0
595006 5714.285714285715
595506 5380.392156862745
596006 5490.1960784313715
596517 5490.1960784313715
597007 5716.666666666666
597506 5488.0
598006 5375.999999999999
598507 5490.1960784313715
599006 5600.0
599517 5490.1960784313715
600006 5600.0
600506 5600.0
601006 5488.0
601506 5600.0
602006 5488.0
602506 5488.0
603017 5600.0
603507 5485.714285714285
604006 5488.0
604506 5380.392156862745
605006 5600.0
605506 5600.0
606006 5488.0
606516 5600.0
607016 5600.0
607506 5485.714285714285
608006 5488.0
608506 5600.0
609017 5384.615384615384
609506 5485.714285714285
610006 5600.0
610506 5488.0
611006 5600.0
611516 5600.0
612006 5488.0
612506 5600.0
613007 5276.923076923077
613506 5600.0
614006 5488.0
614506 5488.0
615007 5714.285714285715
615507 5490.1960784313715
616006 5488.0
616506 5485.714285714285
617006 5712.0
617506 5375.999999999999
618007 5488.0
618506 5488.0
619017 5600.0
619506 5485.714285714285
620006 5488.0
620506 5712.0
621006 5375.999999999999
621517 5600.0
622006 5600.0
622506 5490.1960784313715
623006 5270.588235294118
623506 5600.0
624017 5600.0
624506 5375.999999999999
625006 5714.285714285715
625506 5488.0
626016 5712.0
626516 5380.392156862745
627006 5488.0
627506 5600.0
628006 5488.0
628506 5488.0
629016 5384.615384615384
629506 5600.0
630006 5600.0
630516 5600.0
631017 5380.392156862745
631507 5600.0
632006 5600.0
632506 5600.0
633006 5375.999999999999
633506 5600.0
634006 5375.999999999999
634506 5490.1960784313715
635016 5712.0
635516 5488.0
636006 5600.0
636516 5600.0
637006 5371.428571428571
637506 5600.0
638006 5488.0
638507 5600.0
639006 5485.714285714285
639506 5380.392156862745
640007 5712.0
640506 5488.0
641016 5712.0
641506 5375.999999999999
642006 5488.0
642506 5490.1960784313715
643009 5488.0
643507 5600.0
644006 5380.392156862745
644506 5600.0
645006 5490.1960784313715
645507 5600.0
646006 5488.0
646506 5490.1960784313715
647006 5600.0
647506 5488.0
648006 5488.0
648506 5600.0
649006 5488.0
649506 5488.0
650006 5600.0
650507 5488.0
651007 5600.0
651507 5375.999999999999
652006 5600.0
652506 5600.0
653006 5490.1960784313715
653516 5490.1960784313715
654007 5485.714285714285
654506 5380.392156862745
655006 5488.0
655506 5600.0
656007 5714.285714285715
656507 5600.0
657006 5380.392156862745
657506 5600.0
658006 5380.392156862745
658507 5600.0
659007 5380.392156862745
659506 5714.285714285715
660006 5600.0
660506 5380.392156862745
661017 5490.1960784313715
661506 5485.714285714285
662006 5600.0
662506 5488.0
663006 5488.0
663506 5600.0
664017 5380.392156862745
664507 5600.0
665006 5488.0
665506 5600.0
666006 5488.0
666516 5490.1960784313715
667006 5714.285714285715
667506 5270.588235294118
668006 5714.285714285715
668506 5488.0
669006 5488.0
669517 5490.1960784313715
670006 5600.0
670506 5600.0
671006 5600.0
671506 5375.999999999999
672017 5709.803921568627
672506 5485.714285714285
673006 5375.999999999999
673506 5714.285714285715
674016 5384.615384615384
674506 5600.0
675006 5380.392156862745
675507 5490.1960784313715
676006 5600.0
676506 5714.285714285715
677017 5384.615384615384
677507 5600.0
678006 5488.0
678506 5488.0
679006 5488.0
679516 5600.0
680007 5600.0
680507 5488.0
681006 5488.0
681506 5712.0
682006 5488.0
682507 5600.0
683007 5488.0
683506 5488.0
684006 5485.714285714285
684506 5490.1960784313715
685006 5488.0
685507 5380.392156862745
686007 5600.0
686506 5600.0
687006 5712.0
687506 5488.0
688006 5488.0
688506 5488.0
689017 5490.1960784313715
689506 5716.666666666666
690006 5380.392156862745
690506 5600.0
691007 5600.0
691507 5380.392156862745
692006 5600.0
692506 5600.0
693006 5375.999999999999
693506 5600.0
694006 5488.0
694506 5714.285714285715
695006 5380.392156862745
695507 5488.0
696007 5600.0
696506 5600.0
697006 5384.615384615384
697506 5600.0
698007 5490.1960784313715
698506 5375.999999999999
699006 5714.285714285715
699506 5488.0
700016 5490.1960784313715
700516 5600.0
701006 5600.0
701506 5488.0
702006 5714.285714285715
702517 5492.3076923076915
703006 5371.428571428571
703506 5488.0
704006 5600.0
704506 5380.392156862745
705017 5712.0
705507 5488.0
706006 5600.0
706506 5488.0
707006 5600.0
707517 5490.1960784313715
708007 5485.714285714285
708506 5488.0
709006 5488.0
709506 5600.0
710016 5384.615384615384
710507 5600.0
711006 5600.0
711506 5600.0
712006 5600.0
712506 5600.0
713016 5380.392156862745
713516 5488.0
714006 5371.428571428571
714506 5600.0
715007 5488.0
715506 5488.0
716006 5712.0
716506 5600.0
717006 5488.0
717506 5380.392156862745
718007 5488.0
718506 5488.0
719017 5380.392156862745
719506 5600.0
720006 5600.0
720507 5488.0
721007 5600.0
721506 5488.0
722006 5488.0
722506 5600.0
723016 5600.0
723507 5375.999999999999
724006 5600.0
724506 5270.588235294118
725006 5712.0
725506 5600.0
726007 5488.0
726506 5600.0
727006 5488.0
727506 5488.0
728006 5600.0
728506 5276.923076923077
729017 5600.0
729507 5600.0
730006 5714.285714285715
730506 5380.392156862745
731006 5488.0
731516 5600.0
732017 5600.0
732506 5485.714285714285
733006 5600.0
733507 5276.923076923077
734006 5488.0
734507 5600.0
735007 5490.1960784313715
735506 5600.0
736006 5490.1960784313715
736506 5600.0
737006 5490.1960784313715
737507 5714.285714285715
738007 5375.999999999999
738507 5488.0
739006 5375.999999999999
739506 5600.0
740006 5488.0
740516 5600.0
741007 5488.0
741506 5600.0
742006 5488.0
742506 5600.0
743006 5380.392156862745
743506 5380.392156862745
744017 5600.0
744506 5485.714285714285
745006 5600.0
745506 5488.0
746006 5600.0
746517 5600.0
747007 5375.999999999999
747506 5600.0
748006 5375.999999999999
748506 5600.0
749006 5488.0
749507 5488.0
750007 5488.0
750506 5600.0
751006 5488.0
751516 5490.1960784313715
752007 5600.0
752506 5488.0
753007 5488.0
753506 5600.0
754007 5380.392156862745
754507 5600.0
755006 5384.615384615384
755506 5600.0
756006 5488.0
756506 5600.0
757007 5600.0
757506 5490.1960784313715
758006 5600.0
758506 5375.999999999999
759006 5600.0
759507 5600.0
760007 5380.392156862745
760506 5600.0
761006 5488.0
761506 5600.0
762006 5488.0
762506 5600.0
763017 5380.392156862745
763506 5716.666666666666
764006 5380.392156862745
764507 5600.0
765006 5490.1960784313715
765506 5600.0
766006 5488.0
766516 5283.018867924528
767007 5833.333333333333
767506 5380.392156862745
768006 5485.714285714285
768506 5490.1960784313715
769006 5600.0
769517 5600.0
770006 5485.714285714285
770506 5600.0
771006 5488.0
771506 5488.0
772016 5600.0
772516 5600.0
773006 5600.0
773506 5380.392156862745
774006 5488.0
774506 5380.392156862745
775017 5600.0
775507 5485.714285714285
776006 5714.285714285715
776506 5600.0
777007 5380.392156862745
777506 5600.0
778017 5384.615384615384
778506 5600.0
779006 5600.0
779506 5375.999999999999
780006 5712.0
780517 5600.0
781006 5485.714285714285
781506 5488.0
782006 5488.0
782506 5600.0
783006 5488.0
783507 5600.0
784006 5375.999999999999
784516 5492.3076923076915
785006 5600.0
785506 5600.0
786006 5600.0
786507 5488.0
787007 5488.0
787506 5488.0
788006 5490.1960784313715
788506 5485.714285714285
789006 5488.0
789517 5600.0
790006 5600.0
790506 5488.0
791006 5488.0
791506 5490.1960784313715
792017 5712.0
792507 5371.428571428571
793006 5488.0
793506 5488.0
794006 5375.999999999999
794506 5712.0
795006 5375.999999999999
795507 5828.571428571428
796007 5375.999999999999
796506 5490.1960784313715
797006 5600.0
797506 5600.0
798006 5490.1960784313715
798519 5490.1960784313715
799006 5371.428571428571
799506 5490.1960784313715
800007 5600.0
800506 5490.1960784313715
801006 5488.0
801506 5714.285714285715
802006 5488.0
802506 5488.0
803016 5492.3076923076915
803516 5600.0
804016 5488.0
804506 5485.714285714285
805006 5600.0
805506 5488.0
806006 5714.285714285715
806517 5283.018867924528
807006 5833.333333333333
807506 5375.999999999999
808006 5488.0
808506 5490.1960784313715
809006 5600.0
809517 5490.1960784313715
810007 5600.0
810506 5600.0
811006 5490.1960784313715
811507 5488.0
812007 5828.571428571428
812506 5380.392156862745
813006 5380.392156862745
813506 5488.0
814006 5485.714285714285
814506 5490.1960784313715
815006 5600.0
815516 5384.615384615384
816007 5833.333333333333
816507 5380.392156862745
817006 5714.285714285715
817506 5270.588235294118
818006 5600.0
818506 5488.0
819016 5600.0
819506 5485.714285714285
820017 5600.0
820506 5716.666666666666
821006 5488.0
821506 5380.392156862745
822006 5714.285714285715
822517 5384.615384615384
823007 5600.0
823506 5600.0
824006 5276.923076923077
824506 5600.0
825016 5490.1960784313715
825516 5600.0
826016 5600.0
826506 5485.714285714285
827006 5600.0
827506 5488.0
828006 5375.999999999999
828517 5600.0
829006 5485.714285714285
829506 5380.392156862745
830006 5714.285714285715
830506 5488.0
831017 5490.1960784313715
831506 5600.0
832006 5488.0
832506 5488.0
833006 5600.0
833507 5488.0
834007 5488.0
834506 5488.0
835006 5600.0
835506 5600.0
836006 5380.392156862745
836507 5488.0
837006 5488.0
837506 5600.0
838006 5714.285714285715
838506 5380.392156862745
839006 5375.999999999999
839506 5600.0
840017 5384.615384615384
840507 5600.0
841006 5488.0
841506 5375.999999999999
842017 5712.0
842506 5485.714285714285
843006 5380.392156862745
843506 5380.392156862745
844006 5488.0
844517 5600.0
845006 5371.428571428571
