0 0.0
492 3414.6341463414633
992 0.0
1492 329.4117647058824
1992 0.0
2491 1866.6666666666665
2992 5600.0
3492 5380.392156862745
3992 5488.0
4491 5485.714285714285
4991 5380.392156862745
5491 5600.0
5992 5380.392156862745
6492 5375.999999999999
6991 5600.0
7492 5380.392156862745
7992 1008.0
8492 0.0
8991 5263.999999999999
9492 4928.0
9991 0.0
10491 0.0
10991 223.99999999999997
11491 0.0
11992 0.0
12491 4928.0
12992 5488.0
13492 5375.999999999999
13992 5380.392156862745
14492 5485.714285714285
14991 5600.0
15492 5270.588235294118
15992 5488.0
16492 5375.999999999999
16992 5488.0
17492 5488.0
17992 5380.392156862745
18492 5488.0
18992 5600.0
19492 5488.0
19992 5488.0
20492 5375.999999999999
20992 5488.0
21492 5375.999999999999
21992 5600.0
22492 5375.999999999999
22991 5600.0
23492 5488.0
23991 5380.392156862745
24492 5485.714285714285
24991 5600.0
25492 5375.999999999999
25992 5488.0
26492 5375.999999999999
26992 5488.0
27492 5488.0
27992 5488.0
28492 5488.0
28992 5380.392156862745
29492 5600.0
29992 5380.392156862745
30492 5714.285714285715
30992 5375.999999999999
31492 5488.0
31992 5380.392156862745
32492 5600.0
32992 5375.999999999999
33492 5600.0
33992 5488.0
34492 5375.999999999999
34992 5488.0
35492 5600.0
35992 5375.999999999999
36492 5488.0
36992 5488.0
37492 5375.999999999999
37992 5600.0
38492 5488.0
38991 5488.0
39492 5380.392156862745
39991 5714.285714285715
40492 5375.999999999999
40992 5380.392156862745
41491 5600.0
41991 5270.588235294118
42492 5488.0
42991 5600.0
43492 5488.0
43991 5600.0
44492 5488.0
44992 5488.0
45492 5488.0
45992 5488.0
46492 5375.999999999999
46992 5380.392156862745
47491 5488.0
47992 5714.285714285715
48491 5270.588235294118
48992 5714.285714285715
49491 5488.0
49992 5488.0
50491 5600.0
50992 5375.999999999999
51491 5488.0
51992 5375.999999999999
52492 5380.392156862745
52992 5600.0
53492 5485.714285714285
53992 5488.0
54492 5490.1960784313715
54992 5714.285714285715
55492 5263.999999999999
55991 5600.0
56492 5375.999999999999
56991 5488.0
57492 5488.0
57991 5488.0
58492 5600.0
58991 5600.0
59492 5380.392156862745
59991 5380.392156862745
60492 5488.0
60991 5600.0
61492 5488.0
61992 5488.0
62491 5380.392156862745
62992 5375.999999999999
63491 5488.0
63992 5714.285714285715
64491 5488.0
64992 5488.0
65492 5488.0
65992 5488.0
66492 5375.999999999999
66992 5600.0
67492 5488.0
67992 5380.392156862745
68492 5600.0
68992 5488.0
69491 5270.588235294118
69992 5714.285714285715
70491 5488.0
70992 5380.392156862745
71491 5488.0
71991 5371.428571428571
72492 5488.0
72992 5488.0
73491 5375.999999999999
73992 5488.0
74491 5714.285714285715
74992 5488.0
75492 5380.392156862745
75992 5488.0
76492 5380.392156862745
76992 5488.0
77491 5600.0
77992 5488.0
78491 5380.392156862745
78992 5600.0
79491 5380.392156862745
79992 5488.0
80492 5714.285714285715
80992 5380.392156862745
81492 5714.285714285715
81992 5375.999999999999
82492 5488.0
82991 5375.999999999999
83492 5488.0
83991 5375.999999999999
84492 5600.0
84991 5488.0
85492 5380.392156862745
85992 5600.0
86492 5488.0
86992 5488.0
87492 5375.999999999999
87992 5380.392156862745
88492 5714.285714285715
88992 5488.0
89492 5488.0
89992 5600.0
90492 5488.0
90992 5488.0
91491 5380.392156862745
91992 5600.0
92491 5490.1960784313715
92992 5375.999999999999
93492 5600.0
93992 5488.0
94492 5375.999999999999
94992 5600.0
95492 5488.0
95992 5600.0
96492 5488.0
96992 5488.0
97491 5380.392156862745
97992 5485.714285714285
98491 5380.392156862745
98992 5488.0
99491 5600.0
99992 5380.392156862745
100492 5600.0
100992 5490.1960784313715
101492 5600.0
101992 5380.392156862745
102491 5600.0
102992 5375.999999999999
103492 5600.0
103992 5375.999999999999
104492 5488.0
104991 5488.0
105492 5488.0
105991 5600.0
106492 5375.999999999999
106992 5488.0
107492 5375.999999999999
107992 5488.0
108492 5488.0
108992 5488.0
109492 5380.392156862745
109992 5600.0
110492 5490.1960784313715
110991 5485.714285714285
111492 5490.1960784313715
111991 5600.0
112492 5600.0
112991 5270.588235294118
113492 5600.0
113992 5488.0
114491 5488.0
114992 5488.0
115492 5488.0
115992 5600.0
116492 5380.392156862745
116991 5488.0
117492 5380.392156862745
117992 5600.0
118492 5375.999999999999
118991 5600.0
119492 5488.0
119991 5488.0
120492 5600.0
120992 5488.0
121492 5488.0
121992 5600.0
122491 5270.588235294118
122992 5714.285714285715
123491 5488.0
123992 5270.588235294118
124492 5488.0
124992 5485.714285714285
125491 5488.0
125992 5600.0
126491 5488.0
126992 5490.1960784313715
127492 5485.714285714285
127992 5600.0
128492 5375.999999999999
128992 5488.0
129492 5375.999999999999
129992 5380.392156862745
130491 5600.0
130991 5600.0
131491 5488.0
131991 5600.0
132491 5488.0
132991 5600.0
133491 5488.0
133991 5375.999999999999
134492 5600.0
134992 5375.999999999999
135491 5714.285714285715
135992 5380.392156862745
136491 5488.0
136992 5488.0
137492 5600.0
137992 5380.392156862745
138492 5600.0
138992 5485.714285714285
139492 5488.0
139992 5488.0
140491 5488.0
140992 5490.1960784313715
141491 5488.0
141992 5600.0
142491 5485.714285714285
142992 5600.0
143491 5380.392156862745
143992 5714.285714285715
144491 5488.0
144992 5375.999999999999
145491 5488.0
145991 5380.392156862745
146491 5714.285714285715
146991 5270.588235294118
147491 5600.0
147991 5714.285714285715
148491 5375.999999999999
148991 5488.0
149492 5270.588235294118
149992 5600.0
150492 5488.0
150992 5490.1960784313715
151492 5600.0
151992 5488.0
152492 5600.0
152992 5488.0
153492 5600.0
153992 5488.0
154492 5488.0
154992 5160.7843137254895
155492 5714.285714285715
155992 5375.999999999999
156492 5488.0
156992 5488.0
157492 5490.1960784313715
157992 5488.0
158492 5488.0
158992 5714.285714285715
159492 5380.392156862745
159991 5488.0
160492 5600.0
160992 5375.999999999999
161492 5488.0
161992 5600.0
162492 5488.0
162992 5714.285714285715
163491 5270.588235294118
163992 5600.0
164491 5488.0
164992 5600.0
165492 5270.588235294118
165992 5488.0
166492 5600.0
166992 5488.0
167492 5600.0
167992 5488.0
168492 5490.1960784313715
168992 5600.0
169492 5488.0
169992 5488.0
170492 5488.0
170992 5488.0
171492 5488.0
171992 5600.0
172492 5600.0
172992 5375.999999999999
173492 5600.0
173992 5488.0
174492 5490.1960784313715
174992 5485.714285714285
175491 5488.0
175991 5488.0
176492 5380.392156862745
176992 5488.0
177492 5600.0
177991 5600.0
178492 5600.0
178992 5488.0
179492 5488.0
179992 5488.0
180491 5488.0
180992 5488.0
181492 5488.0
181992 5600.0
182492 5380.392156862745
182992 5714.285714285715
183492 5488.0
183992 5490.1960784313715
184492 5600.0
184992 5380.392156862745
185492 5714.285714285715
185992 5375.999999999999
186492 5488.0
186992 5488.0
187492 5488.0
187992 5380.392156862745
188492 5714.285714285715
188991 5488.0
189491 5490.1960784313715
189991 5488.0
190491 5375.999999999999
190991 5714.285714285715
191492 5375.999999999999
191991 5600.0
192492 5600.0
192991 5600.0
193492 5488.0
193991 5490.1960784313715
194492 5380.392156862745
194991 5600.0
195492 5600.0
195991 5375.999999999999
196491 5714.285714285715
196991 5380.392156862745
197491 5600.0
197991 5380.392156862745
198491 5380.392156862745
198991 5600.0
199491 5714.285714285715
199991 5488.0
200491 5375.999999999999
200991 5600.0
201491 5375.999999999999
201991 5600.0
202491 5488.0
202991 5600.0
203491 5488.0
203991 5490.1960784313715
204491 5600.0
204991 5488.0
205491 5600.0
205991 5488.0
206491 5488.0
206991 5600.0
207492 5169.2307692307695
207991 5600.0
208492 5488.0
208992 5488.0
209492 5600.0
209992 5488.0
210492 5488.0
210992 5488.0
211492 5485.714285714285
211992 5488.0
212491 5488.0
212991 5488.0
213491 5488.0
213991 5714.285714285715
214491 5490.1960784313715
214991 5375.999999999999
215491 5712.0
215991 5488.0
216491 5488.0
216991 5488.0
217491 5488.0
217992 5375.999999999999
218492 5600.0
218992 5380.392156862745
219492 5600.0
219992 5488.0
220492 5600.0
220992 5488.0
221492 5600.0
221991 5485.714285714285
222491 5380.392156862745
222991 5488.0
223491 5380.392156862745
223991 5600.0
224491 5485.714285714285
224992 5488.0
225492 5600.0
225992 5488.0
226492 5600.0
226992 5488.0
227492 5375.999999999999
227991 5488.0
228492 5488.0
228992 5600.0
229492 5488.0
229992 5488.0
230492 5600.0
230992 5600.0
231492 5488.0
231991 5488.0
232492 5375.999999999999
232992 5600.0
233492 5488.0
233991 5600.0
234492 5380.392156862745
234991 5490.1960784313715
235492 5488.0
235991 5714.285714285715
236492 5600.0
236991 5375.999999999999
237491 5600.0
237992 5488.0
238492 5375.999999999999
238992 5600.0
239492 5600.0
239992 5488.0
240492 5488.0
240992 5490.1960784313715
241492 5488.0
241991 5600.0
242491 5375.999999999999
242991 5600.0
243491 5380.392156862745
243992 5714.285714285715
244491 5488.0
244991 5600.0
245491 5488.0
245991 5488.0
246491 5600.0
246991 5488.0
247491 5488.0
247991 5600.0
248491 5488.0
248991 5488.0
249492 5488.0
249992 5380.392156862745
250492 5600.0
250992 5488.0
251492 5714.285714285715
251991 5375.999999999999
252492 5488.0
252992 5488.0
253492 5488.0
253992 5600.0
254492 5375.999999999999
254992 5600.0
255492 5600.0
255992 5488.0
256492 5490.1960784313715
256992 5488.0
257492 5600.0
257992 5375.999999999999
258492 5600.0
258992 5375.999999999999
259492 5600.0
259991 5600.0
260492 5488.0
260991 5488.0
261491 5600.0
261991 5488.0
262492 5375.999999999999
262992 5488.0
263492 5485.714285714285
263992 5276.923076923077
264492 5714.285714285715
264992 5490.1960784313715
265492 5600.0
265992 5488.0
266492 5490.1960784313715
266992 5600.0
267492 5600.0
267992 5375.999999999999
268492 5490.1960784313715
268991 5600.0
269492 5488.0
269992 5488.0
270492 5600.0
270992 5488.0
271492 5600.0
271992 5488.0
272491 5488.0
272992 5488.0
273492 5375.999999999999
273992 5712.0
274491 5488.0
274992 5600.0
275491 5488.0
275992 5490.1960784313715
276491 5488.0
276992 5600.0
277492 5380.392156862745
277992 5488.0
278492 5600.0
278992 5600.0
279492 5488.0
279992 5488.0
280492 5488.0
280992 5488.0
281492 5600.0
281992 5600.0
282492 5488.0
282992 5600.0
283492 5375.999999999999
283991 5600.0
284491 5375.999999999999
284991 5488.0
285492 5600.0
285991 5600.0
286492 5488.0
286991 5600.0
287492 5380.392156862745
287991 5600.0
288492 5600.0
288992 5488.0
289492 5276.923076923077
289991 5600.0
290491 5380.392156862745
290991 5714.285714285715
291491 5380.392156862745
291991 5600.0
292491 5600.0
292991 5600.0
293491 5270.588235294118
293991 5600.0
294492 5488.0
294992 5375.999999999999
295491 5488.0
295991 5600.0
296491 5600.0
296992 5488.0
297492 5488.0
297992 5488.0
298492 5488.0
298992 5490.1960784313715
299492 5600.0
299992 5488.0
300492 5488.0
300992 5488.0
301492 5600.0
301992 5488.0
302492 5600.0
302992 5600.0
303492 5375.999999999999
303992 5488.0
304492 5488.0
304992 5380.392156862745
305492 5714.285714285715
305992 5488.0
306492 5600.0
306992 5600.0
307492 5490.1960784313715
307991 5380.392156862745
308492 5488.0
308992 5600.0
309492 5375.999999999999
309992 5488.0
310492 5600.0
310992 5485.714285714285
311492 5488.0
311992 5490.1960784313715
312492 5380.392156862745
312992 5714.285714285715
313492 5488.0
313992 5488.0
314492 5380.392156862745
314992 5600.0
315492 5485.714285714285
315992 5488.0
316492 5380.392156862745
316992 5600.0
317491 5714.285714285715
317991 5488.0
318491 5488.0
318991 5600.0
319491 5488.0
319992 5488.0
320491 5488.0
320992 5600.0
321491 5600.0
321992 5380.392156862745
322492 5600.0
322992 5488.0
323492 5600.0
323992 5380.392156862745
324492 5485.714285714285
324992 5490.1960784313715
325492 5600.0
325992 5488.0
326492 5600.0
326992 5488.0
327492 5488.0
327992 5600.0
328492 5600.0
328992 5490.1960784313715
329492 5600.0
329992 5276.923076923077
330492 5600.0
330992 5488.0
331492 5488.0
331992 5600.0
332492 5488.0
332992 5600.0
333492 5488.0
333992 5488.0
334492 5488.0
334992 5488.0
335492 5600.0
335992 5600.0
336492 5488.0
336992 5600.0
337492 5380.392156862745
337992 5488.0
338492 5600.0
338992 5600.0
339492 5600.0
339992 5490.1960784313715
340492 5488.0
340992 5488.0
341492 5375.999999999999
341992 5488.0
342492 5600.0
342992 5488.0
343491 5600.0
343992 5488.0
344491 5600.0
344992 5488.0
345492 5375.999999999999
345992 5600.0
346491 5375.999999999999
346991 5488.0
347491 5600.0
347991 5375.999999999999
348491 5714.285714285715
348991 5490.1960784313715
349491 5600.0
349991 5380.392156862745
350491 5714.285714285715
350991 5375.999999999999
351491 5600.0
351991 5488.0
352491 5488.0
352992 5488.0
353492 5600.0
353992 5488.0
354492 5380.392156862745
354992 5714.285714285715
355491 5270.588235294118
355992 5714.285714285715
356492 5380.392156862745
356992 5600.0
357492 5488.0
357991 5600.0
358492 5488.0
358991 5380.392156862745
359491 5714.285714285715
359991 5600.0
360492 5600.0
360992 5380.392156862745
361492 5488.0
361992 5375.999999999999
362492 5600.0
362991 5488.0
363492 5488.0
363991 5488.0
364492 5600.0
364991 5488.0
365492 5600.0
365991 5380.392156862745
366491 5488.0
366991 5380.392156862745
367491 5714.285714285715
367991 5375.999999999999
368491 5712.0
368992 5488.0
369491 5488.0
369992 5488.0
370491 5600.0
370991 5488.0
371491 5714.285714285715
371991 5380.392156862745
372491 5600.0
372992 5380.392156862745
373492 5380.392156862745
373992 5714.285714285715
374492 5375.999999999999
374992 5600.0
375492 5490.1960784313715
375992 5488.0
376492 5600.0
376992 5488.0
377491 5375.999999999999
377991 5488.0
378491 5600.0
378991 5488.0
379491 5600.0
379991 5488.0
380491 5714.285714285715
380991 5380.392156862745
381491 5600.0
381991 5490.1960784313715
382491 5488.0
382991 5488.0
383491 5488.0
383991 5488.0
384491 5600.0
384991 5600.0
385491 5488.0
385991 5600.0
386491 5375.999999999999
386991 5488.0
387492 5380.392156862745
387992 5600.0
388492 5600.0
388992 5490.1960784313715
389492 5600.0
389992 5488.0
390492 5600.0
390992 5600.0
391492 5488.0
391992 5488.0
392492 5488.0
392992 5375.999999999999
393492 5600.0
393991 5600.0
394492 5384.615384615384
394991 5600.0
395492 5600.0
395992 5380.392156862745
396491 5600.0
396991 5488.0
397491 5488.0
397991 5488.0
398491 5600.0
398991 5600.0
399492 5380.392156862745
399993 5600.0
400492 5488.0
400992 5380.392156862745
401492 5714.285714285715
401992 5488.0
402492 5488.0
402992 5375.999999999999
403492 5490.1960784313715
403992 5488.0
404492 5488.0
404992 5600.0
405492 5488.0
405992 5714.285714285715
406492 5375.999999999999
406992 5488.0
407492 5488.0
407992 5380.392156862745
408492 5600.0
408992 5600.0
409492 5380.392156862745
409993 5714.285714285715
410492 5375.999999999999
410992 5600.0
411492 5488.0
411991 5375.999999999999
412492 5600.0
412992 5488.0
413492 5488.0
413992 5488.0
414492 5600.0
414992 5488.0
415492 5600.0
415992 5600.0
416492 5488.0
416992 5276.923076923077
417492 5485.714285714285
417992 5490.1960784313715
418491 5375.999999999999
418992 5828.571428571428
419492 5488.0
419992 5600.0
420491 5488.0
420992 5488.0
421492 5600.0
421992 5380.392156862745
422492 5375.999999999999
422992 5488.0
423492 5600.0
423992 5490.1960784313715
424492 5488.0
424992 5488.0
425492 5600.0
425992 5485.714285714285
426492 5488.0
426992 5488.0
427492 5488.0
427992 5600.0
428492 5375.999999999999
428992 5600.0
429492 5380.392156862745
429992 5600.0
430491 5488.0
430992 5600.0
431491 5488.0
431992 5600.0
432492 5380.392156862745
432992 5600.0
433491 5488.0
433992 5270.588235294118
434492 5714.285714285715
434992 5488.0
435492 5488.0
435992 5600.0
436492 5488.0
436991 5375.999999999999
437491 5380.392156862745
437991 5600.0
438491 5600.0
438991 5488.0
439491 5488.0
439991 5600.0
440491 5714.285714285715
440991 5380.392156862745
441491 5600.0
441991 5375.999999999999
442491 5600.0
442991 5375.999999999999
443491 5600.0
443992 5488.0
444491 5600.0
444992 5488.0
445492 5488.0
445992 5490.1960784313715
446492 5600.0
446992 5375.999999999999
447492 5600.0
447992 5488.0
448492 5488.0
448992 5714.285714285715
449492 5380.392156862745
449992 5600.0
450492 5488.0
450992 5270.588235294118
451492 5600.0
451992 5485.714285714285
452491 5375.999999999999
452992 5375.999999999999
