0 700.0
487 5180.0
997 4941.176470588234
1497 5375.999999999999
1997 2576.0
2497 0.0
2997 3808.0
3497 439.2156862745097
3997 0.0
4497 219.60784313725486
4997 0.0
5497 0.0
5997 3695.9999999999995
6497 5600.0
6997 5600.0
7497 5375.999999999999
7997 5488.0
8497 5488.0
8997 5488.0
9497 5375.999999999999
9997 5488.0
10497 5375.999999999999
10997 5375.999999999999
11497 5375.999999999999
11997 5490.1960784313715
12497 5488.0
12997 5375.999999999999
13497 5488.0
13997 5600.0
14497 5270.588235294118
14997 5600.0
15497 5160.7843137254895
15997 5488.0
16497 5600.0
16997 5380.392156862745
17497 5488.0
17997 5600.0
18497 5600.0
18997 5375.999999999999
19497 5488.0
19997 5488.0
20497 5375.999999999999
20997 5488.0
21498 5375.999999999999
21997 5600.0
22497 5488.0
22997 5380.392156862745
23497 5488.0
23997 5600.0
24497 5270.588235294118
24997 5488.0
25497 5488.0
25997 5600.0
26497 5375.999999999999
26997 5380.392156862745
27497 5600.0
27996 5600.0
28497 5488.0
28997 5380.392156862745
29497 5600.0
29997 5375.999999999999
30497 5600.0
30997 5270.588235294118
31497 5488.0
31997 5380.392156862745
32497 5600.0
32997 5375.999999999999
33497 5488.0
33997 5600.0
34497 5375.999999999999
34996 5485.714285714285
35497 5600.0
35997 5375.999999999999
36497 5488.0
36997 5488.0
37497 5488.0
37997 5600.0
38497 5270.588235294118
38997 5600.0
39497 5380.392156862745
39997 5488.0
40497 5600.0
40997 5375.999999999999
41497 5380.392156862745
41997 5488.0
42497 5714.285714285715
42997 5488.0
43497 5375.999999999999
43997 5712.0
44497 5263.999999999999
44997 5488.0
45497 5488.0
45997 5375.999999999999
46497 5600.0
46997 5488.0
47497 5488.0
47997 5488.0
48497 5600.0
48997 5375.999999999999
49497 5380.392156862745
49997 5488.0
50497 5485.714285714285
50997 5488.0
51497 5488.0
51997 5488.0
52497 5488.0
52997 5488.0
53496 5488.0
53997 5380.392156862745
54497 5485.714285714285
54997 5600.0
55497 5375.999999999999
55997 5488.0
56496 5488.0
56997 5488.0
57497 5600.0
57997 5488.0
58497 5380.392156862745
58997 5488.0
59497 5488.0
59997 5600.0
60497 5488.0
60997 5380.392156862745
61497 5600.0
61997 5488.0
62497 5488.0
62997 5488.0
63497 5600.0
63997 5488.0
64497 5375.999999999999
64997 5488.0
65497 5488.0
65997 5380.392156862745
66497 5485.714285714285
66997 5490.1960784313715
67497 5600.0
67997 5380.392156862745
68497 5600.0
68997 5488.0
69497 5488.0
69997 5380.392156862745
70497 5488.0
70997 5485.714285714285
71497 5375.999999999999
71997 5488.0
72497 5488.0
72997 5270.588235294118
73497 5600.0
73997 5488.0
74497 5488.0
74997 5488.0
75497 5270.588235294118
75997 5488.0
76497 5488.0
76997 5488.0
77497 5714.285714285715
77997 5488.0
78497 5488.0
78997 5490.1960784313715
79497 5488.0
79997 5485.714285714285
80497 5600.0
80997 5375.999999999999
81496 5488.0
81997 5488.0
82497 5380.392156862745
82997 5488.0
83497 5488.0
83997 5600.0
84496 5488.0
84997 5488.0
85497 5485.714285714285
85996 5600.0
86497 5263.999999999999
86997 5600.0
87497 5270.588235294118
87997 5714.285714285715
88497 5488.0
88997 5488.0
89497 5488.0
89997 5488.0
90497 5488.0
90997 5380.392156862745
91497 5600.0
91997 5375.999999999999
92497 5600.0
92996 5488.0
93497 5270.588235294118
93997 5600.0
94497 5600.0
94997 5380.392156862745
95497 5485.714285714285
95997 5488.0
96497 5488.0
96997 5600.0
97497 5600.0
97997 5380.392156862745
98497 5488.0
98997 5714.285714285715
99497 5276.923076923077
99997 5488.0
100497 5600.0
100997 5380.392156862745
101497 5375.999999999999
101997 5714.285714285715
102497 5380.392156862745
102997 5600.0
103497 5488.0
103997 5380.392156862745
104497 5600.0
104997 5380.392156862745
105497 5485.714285714285
105997 5488.0
106497 5488.0
106997 5600.0
107497 5270.588235294118
107997 5600.0
108497 5488.0
108997 5488.0
109497 5600.0
109996 5380.392156862745
110497 5600.0
110997 5485.714285714285
111497 5488.0
111997 5600.0
112497 5380.392156862745
112997 5488.0
113496 5488.0
113997 5600.0
114497 5384.615384615384
114997 5488.0
115497 5375.999999999999
115997 5485.714285714285
116497 5380.392156862745
116997 5714.285714285715
117497 5375.999999999999
117997 5600.0
118497 5375.999999999999
118997 5600.0
119497 5488.0
119997 5488.0
120497 5600.0
120997 5375.999999999999
121497 5488.0
121997 5488.0
122497 5488.0
122997 5488.0
