0 254.54545454545453
500 1353.8461538461538
1000 1407.0351758793968
1500 1372.0
2001 1435.1758793969848
2500 1378.894472361809
3000 393.96984924623115
3491 0.0
4001 0.0
4500 226.26262626262627
5000 0.0
5500 0.0
6000 0.0
6501 956.7839195979898
7000 1400.0
7500 1414.141414141414
8000 1400.0
8500 1407.0351758793968
9000 1372.0
9500 1435.1758793969848
10000 1372.0
10500 1435.1758793969848
11000 1378.894472361809
11500 1393.0348258706467
12000 1400.0
12500 1407.0351758793968
13000 1400.0
13501 1407.0351758793968
14000 1407.0351758793968
14500 1393.0348258706467
15000 1400.0
15500 1407.0351758793968
16000 1378.894472361809
16501 1428.0
17000 197.97979797979795
17490 0.0
18000 0.0
18500 622.2222222222222
19001 1400.0
19500 1378.894472361809
20000 1400.0
20500 1216.1616161616162
21000 0.0
21500 0.0
22000 0.0
22500 0.0
23000 168.84422110552762
23500 0.0
24000 0.0
24500 0.0
25001 0.0
25500 876.7676767676768
26000 1428.0
26501 1400.0
27000 1378.894472361809
27500 1400.0
28001 1400.0
28500 1435.1758793969848
29001 1407.0351758793968
29500 1378.894472361809
30000 1386.1386138613861
30500 1414.141414141414
31000 1372.0
31500 1372.0
32000 1400.0
32500 1365.1741293532339
33000 1435.1758793969848
33500 1400.0
34000 1378.894472361809
34500 1378.894472361809
35000 1428.0
35500 1378.894472361809
36000 1393.0348258706467
36500 1407.0351758793968
37000 1378.894472361809
37500 1428.0
38000 1420.8955223880598
38500 1364.467005076142
39000 1400.0
39500 1407.0351758793968
40000 1400.0
40500 1407.0351758793968
41000 1407.0351758793968
41500 1400.0
42000 1393.0348258706467
42501 1378.894472361809
43000 1407.0351758793968
43500 1407.0351758793968
44000 1400.0
44500 1400.0
45000 1372.0
45500 1435.1758793969848
46000 1414.141414141414
46500 1365.1741293532339
47000 1428.0
47500 1378.894472361809
48000 1400.0
48500 1400.0
49000 1407.0351758793968
49500 1372.0
50000 1428.0
50500 1378.894472361809
51000 1400.0
51500 1378.894472361809
52000 1407.0351758793968
52500 1435.1758793969848
53000 1365.1741293532339
53500 1414.141414141414
54000 1400.0
54501 1372.0
55000 1428.0
55500 1407.0351758793968
56001 1400.0
56500 1378.894472361809
57000 1400.0
57501 1400.0
58000 1407.0351758793968
58500 1400.0
59000 1407.0351758793968
59500 1372.0
60000 1407.0351758793968
60500 1400.0
61000 1435.1758793969848
61500 1365.1741293532339
62001 1407.0351758793968
62500 1400.0
63000 1407.0351758793968
63500 1407.0351758793968
64001 1365.1741293532339
64500 1414.141414141414
65000 1393.0348258706467
65500 1400.0
66000 1400.0
66490 1407.179487179487
67000 1406.8965517241381
67501 1393.0348258706467
67990 1378.4615384615383
68500 1427.4509803921567
69000 1407.0351758793968
69500 1372.0
70000 1372.0
70501 1442.4242424242425
71000 1372.0
71500 1428.0
72000 1400.0
72501 1378.894472361809
73000 1400.0
73500 1400.0
74000 1400.0
74500 1378.894472361809
75000 1442.4242424242425
75500 1372.0
76000 1400.0
76500 1407.0351758793968
77000 1400.0
77500 1407.0351758793968
78000 1393.0348258706467
78500 1414.141414141414
79000 1407.0351758793968
79500 1393.0348258706467
79990 1407.179487179487
80500 1372.5490196078429
81000 1407.0351758793968
81500 1393.0348258706467
82000 1414.141414141414
82500 1400.0
83000 1400.0
83500 1400.0
83990 1400.0
84501 1379.310344827586
85000 1407.0351758793968
85500 1400.0
85990 1400.0
86500 1406.8965517241381
86991 1371.4285714285713
87500 1400.0
87990 1400.0
88500 1400.0
89000 1407.0351758793968
89490 1407.179487179487
90000 1400.0
90490 1400.0
91000 1406.8965517241381
91490 1400.0
92000 1406.8965517241381
92500 1378.894472361809
92990 1421.3197969543146
93500 1379.310344827586
93990 1400.0
94500 1393.170731707317
94990 1407.179487179487
95500 1406.8965517241381
96000 1407.0351758793968
96500 1365.1741293532339
97001 1400.0
97500 1407.0351758793968
98001 1407.0351758793968
98500 1393.0348258706467
99000 1372.0
99500 1435.1758793969848
99991 1378.4615384615383
100500 1406.8965517241381
100990 1400.0
101500 1406.8965517241381
101990 1407.179487179487
102500 1393.170731707317
102991 1378.4615384615383
103500 1434.4827586206895
103990 1371.4285714285713
104501 1400.0
104990 1400.0
105500 1406.8965517241381
105991 1400.0
106500 1406.8965517241381
107001 1400.0
107490 1407.179487179487
108000 1372.5490196078429
108490 1428.5714285714287
109000 1406.8965517241381
109490 1407.179487179487
110001 1400.0
110490 1342.8571428571427
111000 1400.0
111500 1400.0
112000 1378.894472361809
112500 1400.0
113000 1378.894472361809
113501 1393.0348258706467
114000 1372.0
114500 1407.0351758793968
115000 1407.0351758793968
115490 1435.8974358974356
116000 1372.5490196078429
116490 1400.0
117000 1406.8965517241381
117490 1400.0
118000 1406.8965517241381
118490 1400.0
119000 1406.8965517241381
119490 1392.8934010152284
120000 1406.8965517241381
120490 1407.179487179487
121000 1372.5490196078429
121490 1407.179487179487
122000 1393.170731707317
122490 1414.4329896907216
123000 1434.4827586206895
123500 1400.0
124000 1372.0
124500 1407.0351758793968
125000 1400.0
125501 1414.141414141414
126000 1386.1386138613861
126501 1400.0
127001 1378.894472361809
127500 1442.4242424242425
128000 1400.0
128500 1372.0
129000 1407.0351758793968
129500 1428.0
130000 1372.0
130500 1420.8955223880598
131000 1385.858585858586
131501 1400.0
132000 1400.0
132501 1393.0348258706467
133000 1407.0351758793968
133500 1407.0351758793968
134000 1385.858585858586
134500 1420.8955223880598
135000 1372.0
135500 1442.4242424242425
136000 1372.0
136500 1435.1758793969848
137000 1372.0
137500 1407.0351758793968
138000 1407.0351758793968
138500 1400.0
139001 1400.0
139490 1407.179487179487
140000 1413.8613861386139
140500 1413.8613861386139
141000 1357.5757575757575
141500 1407.0351758793968
142000 1400.0
142500 1435.1758793969848
143000 1372.0
143500 1407.0351758793968
144000 1400.0
144501 1400.0
145000 1414.141414141414
145500 1400.0
146000 1407.0351758793968
146500 1407.0351758793968
147000 1407.0351758793968
147500 1365.1741293532339
148000 1400.0
148500 1400.0
148991 1428.5714285714287
149500 1406.8965517241381
150000 1372.0
150500 1407.0351758793968
151000 1407.0351758793968
151500 1400.0
152000 1407.0351758793968
152500 1407.0351758793968
153000 1407.0351758793968
153500 1372.0
154000 1428.0
154500 1400.0
155000 1407.0351758793968
155500 1378.894472361809
156000 1400.0
156500 1407.0351758793968
157000 1407.0351758793968
157500 1400.0
158000 1400.0
158500 1400.0
159000 1407.0351758793968
159500 1407.0351758793968
160000 1400.0
160500 1372.0
161000 1435.1758793969848
161500 1378.894472361809
162000 1400.0
162500 1407.0351758793968
163000 1400.0
163500 1407.0351758793968
164000 1400.0
164500 1407.0351758793968
164990 1371.4285714285713
165490 1407.0351758793968
165990 1407.0351758793968
166490 1428.0
166990 1400.0
167490 1378.894472361809
167990 1400.0
168490 1407.0351758793968
169000 1400.0
169500 1393.0348258706467
170000 1407.0351758793968
170500 1385.858585858586
171000 1393.0348258706467
171490 1378.4615384615383
171990 1400.0
172490 1407.0351758793968
172990 1372.0
173490 1400.0
173990 1407.0351758793968
174500 1393.170731707317
174990 1378.4615384615383
175500 1379.310344827586
175990 1435.8974358974356
176490 1372.0
176990 1428.0
177491 1372.0
177990 1393.0348258706467
178500 1413.8613861386139
179000 1407.0351758793968
179500 1400.0
180000 1372.0
180490 1407.179487179487
180990 1407.0351758793968
181500 1400.0
182000 1407.0351758793968
182500 1400.0
183000 1407.0351758793968
183501 1372.0
184000 1400.0
184500 1435.1758793969848
185000 1400.0
185500 1407.0351758793968
186000 1378.894472361809
186500 1400.0
187000 1385.858585858586
187500 1420.8955223880598
188000 1400.0
188500 1372.0
189000 1407.0351758793968
189500 1407.0351758793968
190000 1400.0
190500 1378.894472361809
191000 1428.0
191500 1414.141414141414
192000 1393.0348258706467
192500 1378.894472361809
193000 1393.0348258706467
193500 1435.1758793969848
194000 1378.894472361809
194500 1407.0351758793968
195000 1400.0
195500 1400.0
196000 1372.0
196500 1407.0351758793968
197000 1407.0351758793968
197500 1400.0
198000 1407.0351758793968
198489 1392.8934010152284
198990 1414.141414141414
199500 1400.0
199990 1400.0
200500 1400.0
200990 1407.179487179487
201490 1378.894472361809
202000 1427.4509803921567
202500 1372.0
203000 1407.0351758793968
203500 1393.0348258706467
204000 1400.0
204500 1407.0351758793968
205000 1407.0351758793968
205500 1420.8955223880598
206000 1407.0351758793968
206500 1372.0
207000 1407.0351758793968
207500 1407.0351758793968
208000 1400.0
208500 1407.0351758793968
209000 1365.1741293532339
209500 1435.1758793969848
210000 1414.141414141414
210500 1365.1741293532339
211000 1400.0
211500 1407.0351758793968
212000 1428.0
212500 1378.894472361809
213000 1407.0351758793968
213500 1400.0
214000 1400.0
214500 1372.0
215000 1414.141414141414
215500 1428.0
216000 1400.0
216500 1407.0351758793968
217000 1393.0348258706467
217500 1414.141414141414
218000 1365.1741293532339
218500 1407.0351758793968
219000 1400.0
219500 1400.0
220000 1400.0
220500 1372.0
221000 1442.4242424242425
221500 1365.1741293532339
222000 1400.0
222500 1435.1758793969848
223001 1365.1741293532339
223500 1414.141414141414
224000 1428.0
224500 1407.0351758793968
225000 1372.0
225500 1400.0
226000 1385.858585858586
226500 1420.8955223880598
227000 1407.0351758793968
227500 1378.894472361809
228000 1393.0348258706467
228500 1435.1758793969848
228990 1407.179487179487
229500 1372.5490196078429
229990 1407.179487179487
230500 1406.8965517241381
231000 1407.0351758793968
231500 1400.0
232000 1372.0
232500 1400.0
233000 1400.0
233500 1400.0
234000 1407.0351758793968
234500 1400.0
235000 1407.0351758793968
235500 1407.0351758793968
236000 1378.894472361809
236500 1435.1758793969848
237000 1400.0
237500 1385.858585858586
238000 1393.0348258706467
238490 1400.0
239000 1400.0
239500 1400.0
239990 1435.8974358974356
240500 1379.310344827586
241000 1400.0
241500 1400.0
242000 1407.0351758793968
242500 1400.0
242990 1407.179487179487
243490 1400.0
244000 1379.310344827586
244490 1400.0
245000 1406.8965517241381
245500 1407.0351758793968
246000 1393.0348258706467
246500 1414.141414141414
247000 1400.0
247490 1400.0
248000 1406.8965517241381
248500 1400.0
249000 1400.0
249500 1407.0351758793968
250000 1358.4158415841582
250500 1421.3197969543146
251000 1400.0
251490 1400.0
251990 1400.0
252500 1406.8965517241381
253000 1400.0
253490 1407.179487179487
254000 1400.0
254500 1378.894472361809
255000 1435.1758793969848
255500 1407.0351758793968
256000 1372.0
256500 1407.0351758793968
257000 1400.0
257490 1407.179487179487
258000 1406.8965517241381
258500 1428.0
259000 1378.894472361809
259500 1400.0
260000 1407.0351758793968
260500 1372.0
261000 1428.0
261500 1372.0
262000 1407.0351758793968
262500 1400.0
263000 1435.1758793969848
263500 1393.0348258706467
264000 1385.858585858586
264500 1400.0
265000 1407.0351758793968
265500 1393.0348258706467
266000 1378.894472361809
266500 1435.1758793969848
267000 1407.0351758793968
267501 1400.0
268001 1378.894472361809
268501 1428.0
269000 1372.0
269500 1435.1758793969848
270000 1400.0
270500 1378.894472361809
271000 1407.0351758793968
271500 1393.0348258706467
272000 1407.0351758793968
272500 1407.0351758793968
273000 1400.0
273500 1400.0
274000 1407.0351758793968
274500 1372.0
275000 1400.0
275500 1414.141414141414
276000 1428.0
276500 1378.894472361809
277000 1400.0
277500 1400.0
278000 1407.0351758793968
278500 1400.0
279000 1372.0
279500 1435.1758793969848
280000 1393.0348258706467
280500 1407.0351758793968
281000 1372.0
281500 1400.0
282000 1414.141414141414
282500 1407.0351758793968
283000 1400.0
283500 1407.0351758793968
284000 1400.0
284500 1407.0351758793968
285000 1400.0
285500 1407.0351758793968
286000 1372.0
286500 1435.1758793969848
287000 1372.0
287500 1414.141414141414
287990 1428.5714285714287
288500 1379.310344827586
289000 1400.0
289490 1400.0
290000 1406.8965517241381
290500 1407.0351758793968
291000 1378.894472361809
291500 1393.0348258706467
292000 1407.0351758793968
292500 1372.0
293000 1407.0351758793968
293500 1428.0
294000 1372.0
294500 1400.0
295000 1435.1758793969848
295500 1378.894472361809
296000 1428.0
296500 1372.0
297000 1407.0351758793968
297500 1407.0351758793968
298000 1407.0351758793968
298500 1372.0
299000 1435.1758793969848
299500 1365.1741293532339
300000 1414.141414141414
300500 1400.0
300990 1400.0
301500 1400.0
302000 1435.1758793969848
302500 1400.0
302990 1371.4285714285713
303500 1400.0
304000 1400.0
304500 1407.0351758793968
305000 1372.0
305500 1407.0351758793968
306000 1435.1758793969848
306500 1365.1741293532339
307000 1407.0351758793968
307490 1407.179487179487
307990 1400.0
308500 1406.8965517241381
309000 1407.0351758793968
309500 1400.0
310000 1378.894472361809
310500 1428.0
311000 1428.0
311500 1385.858585858586
312000 1393.0348258706467
312500 1378.894472361809
313000 1407.0351758793968
313490 1428.5714285714287
314000 1372.5490196078429
314500 1407.0351758793968
315000 1400.0
315500 1407.0351758793968
316000 1400.0
316500 1407.0351758793968
317000 1400.0
317500 1414.141414141414
318000 1400.0
318500 1372.0
319000 1428.0
319500 1407.0351758793968
320000 1372.0
320500 1407.0351758793968
321000 1407.0351758793968
321500 1400.0
322000 1414.141414141414
322500 1400.0
323000 1400.0
323490 1378.4615384615383
324000 1434.4827586206895
324490 1364.467005076142
325000 1406.8965517241381
325500 1428.0
326000 1378.894472361809
326500 1400.0
327000 1400.0
327500 1421.3197969543146
328000 1393.0348258706467
328500 1400.0
329000 1407.0351758793968
329500 1414.141414141414
330000 1400.0
330500 1372.0
331000 1442.4242424242425
331500 1365.1741293532339
332000 1407.0351758793968
332500 1407.0351758793968
333000 1400.0
333500 1428.0
334000 1372.0
334500 1400.0
335000 1407.0351758793968
335500 1372.0
336000 1428.0
336500 1372.0
337000 1414.141414141414
337500 1428.0
338000 1372.0
338500 1407.0351758793968
339000 1407.0351758793968
339499 1400.0
340000 1400.0
340500 1400.0
341000 1407.0351758793968
341500 1407.0351758793968
342000 1407.0351758793968
342500 1400.0
343000 1372.0
343500 1435.1758793969848
344000 1378.894472361809
344500 1407.0351758793968
345000 1400.0
345500 1413.8613861386139
346000 1400.0
346500 1393.0348258706467
347000 1414.141414141414
347500 1393.0348258706467
348000 1407.0351758793968
348500 1400.0
348990 1371.4285714285713
349500 1400.0
350000 1393.0348258706467
350500 1407.0351758793968
351000 1407.0351758793968
351500 1407.0351758793968
352000 1372.0
352500 1428.0
353000 1372.0
353500 1407.0351758793968
354000 1407.0351758793968
354500 1400.0
355000 1407.0351758793968
355500 1407.0351758793968
356000 1407.0351758793968
356500 1365.1741293532339
357000 1435.1758793969848
357500 1407.0351758793968
358000 1378.894472361809
358500 1393.0348258706467
359000 1407.0351758793968
359500 1407.0351758793968
360000 1428.0
360500 1372.0
361000 1407.0351758793968
361500 1400.0
362000 1400.0
362500 1385.858585858586
363000 1407.0351758793968
363500 1428.0
364000 1407.0351758793968
364500 1393.0348258706467
365000 1407.0351758793968
365500 1372.0
366000 1400.0
366500 1414.141414141414
366990 1407.179487179487
367500 1393.170731707317
368000 1407.0351758793968
368500 1407.0351758793968
368990 1392.8934010152284
369500 1406.8965517241381
370000 1400.0
370501 1407.0351758793968
371000 1378.894472361809
371500 1435.1758793969848
372000 1372.0
372500 1400.0
373000 1407.0351758793968
373500 1400.0
374000 1407.0351758793968
374500 1372.0
375000 1407.0351758793968
375500 1435.1758793969848
376000 1400.0
376500 1407.0351758793968
377000 1378.894472361809
377500 1393.0348258706467
378000 1407.0351758793968
378500 1400.0
379000 1407.0351758793968
379500 1400.0
380000 1407.0351758793968
380500 1365.1741293532339
381000 1435.1758793969848
381500 1400.0
382000 1407.0351758793968
382500 1378.894472361809
383000 1400.0
383500 1407.0351758793968
384000 1400.0
384500 1400.0
385000 1407.0351758793968
385500 1400.0
385990 1414.4329896907216
386500 1372.5490196078429
387000 1435.1758793969848
387500 1378.894472361809
388000 1428.0
388500 1407.0351758793968
389000 1400.0
389500 1372.0
390000 1407.0351758793968
390500 1407.0351758793968
391000 1393.0348258706467
391500 1407.0351758793968
392000 1400.0
392500 1407.0351758793968
393000 1400.0
393500 1393.0348258706467
394000 1414.141414141414
394500 1365.1741293532339
395000 1435.1758793969848
395500 1372.0
396000 1407.0351758793968
396500 1400.0
397000 1400.0
397500 1400.0
398000 1414.141414141414
398490 1400.0
399001 1400.0
399500 1407.0351758793968
400000 1393.0348258706467
400500 1378.894472361809
401000 1407.0351758793968
401500 1400.0
402000 1407.0351758793968
402500 1407.0351758793968
403001 1407.0351758793968
403500 1442.4242424242425
404000 1372.0
404500 1407.0351758793968
405000 1372.0
405500 1414.141414141414
406000 1435.1758793969848
406500 1372.0
407000 1428.0
407500 1385.858585858586
408000 1407.0351758793968
408500 1400.0
409001 1435.1758793969848
409500 1372.0
410000 1400.0
410501 1372.0
411000 1435.1758793969848
411499 1365.1741293532339
412000 1435.1758793969848
412500 1378.894472361809
413000 1400.0
413500 1442.4242424242425
414000 1343.9999999999998
414500 1400.0
415000 1407.0351758793968
415500 1407.0351758793968
416000 1407.0351758793968
416500 1372.0
417000 1428.0
417500 1414.141414141414
418000 1400.0
418500 1372.0
419000 1407.0351758793968
419490 1400.0
419990 1393.0348258706467
420490 1442.4242424242425
421001 1372.5490196078429
421500 1400.0
422000 1407.0351758793968
422500 1407.0351758793968
422990 1400.0
423500 1400.0
424000 1378.894472361809
424500 1435.1758793969848
425000 1378.894472361809
425500 1407.0351758793968
426000 1400.0
426500 1378.894472361809
427000 1393.0348258706467
427500 1407.0351758793968
428000 1378.894472361809
428500 1400.0
429000 1378.894472361809
429500 1428.0
430000 1378.894472361809
430500 1400.0
431000 1407.0351758793968
431500 1372.0
432000 1378.894472361809
432500 1393.0348258706467
433000 1442.4242424242425
433500 1372.0
433990 1414.4329896907216
434490 1393.0348258706467
435000 1400.0
435500 1378.894472361809
436000 1400.0
436500 1378.894472361809
437000 1435.1758793969848
437500 1372.0
437990 1400.0
438490 1407.0351758793968
438990 1400.0
439500 1406.8965517241381
440000 1400.0
440490 1428.5714285714287
441000 1406.8965517241381
441500 1372.0
442000 1407.0351758793968
442500 1400.0
443000 1414.141414141414
443490 1407.179487179487
444000 1393.170731707317
444500 1414.141414141414
445000 1400.0
445500 1407.0351758793968
446000 1400.0
446500 1407.0351758793968
447000 1372.0
447500 1442.4242424242425
448000 1365.1741293532339
448500 1435.1758793969848
449000 1378.894472361809
449500 1428.0
450000 1393.0348258706467
450500 1378.894472361809
451000 1407.0351758793968
451500 1400.0
452000 1435.1758793969848
452500 1372.0
452990 1407.179487179487
453500 1400.0
453999 1378.894472361809
454500 1435.1758793969848
454989 1392.8934010152284
455490 1400.0
456000 1406.8965517241381
456500 1407.0351758793968
457000 1400.0
457500 1372.0
458000 1414.141414141414
458500 1393.0348258706467
459000 1435.1758793969848
459500 1400.0
460000 1378.894472361809
460500 1400.0
461000 1407.0351758793968
461500 1428.0
462000 1407.0351758793968
462500 1372.0
463000 1435.1758793969848
463500 1372.0
464000 1400.0
464500 1378.894472361809
465000 1435.1758793969848
465500 1400.0
466000 1407.0351758793968
466500 1378.894472361809
467000 1428.0
467500 1400.0
468000 1372.0
468500 1442.4242424242425
469000 1400.0
469500 1372.0
470000 1407.0351758793968
470500 1393.0348258706467
471000 1372.0
471500 1435.1758793969848
472000 1407.0351758793968
472500 1393.0348258706467
473000 1385.858585858586
473500 1400.0
474000 1400.0
474500 1407.0351758793968
475000 1400.0
475500 1400.0
476000 1400.0
476500 1407.0351758793968
477000 1393.0348258706467
477500 1414.141414141414
478000 1407.0351758793968
478500 1400.0
479000 1400.0
479500 1400.0
480000 1414.141414141414
480500 1400.0
481000 1400.0
481490 1371.4285714285713
482000 1434.4827586206895
482500 1372.0
482990 1428.5714285714287
483500 1413.8613861386139
484000 1372.0
484490 1435.8974358974356
485000 1372.5490196078429
485490 1371.4285714285713
486000 1400.0
486500 1428.0
487000 1385.858585858586
487500 1400.0
488000 1407.0351758793968
488500 1393.0348258706467
489000 1407.0351758793968
489490 1400.0
490000 1386.1386138613861
490500 1428.0
491000 1372.0
491500 1372.0
492000 1407.0351758793968
492500 1420.8955223880598
493000 1385.858585858586
493500 1372.0
494000 1400.0
494500 1372.0
495000 1407.0351758793968
495500 1400.0
496000 1378.894472361809
496500 1400.0
497000 1407.0351758793968
497500 1393.0348258706467
498000 1385.858585858586
498500 1407.0351758793968
499000 1386.1386138613861
499500 1400.0
500000 1407.0351758793968
500500 1407.0351758793968
501000 1372.0
501500 1407.0351758793968
502000 1393.0348258706467
502500 1393.0348258706467
503000 1378.894472361809
503500 1400.0
504000 1407.0351758793968
504500 1400.0
505000 1400.0
505500 1400.0
506000 1378.894472361809
506500 1400.0
507000 1414.141414141414
507500 1393.0348258706467
508000 1372.0
508500 1407.0351758793968
509000 1400.0
509500 1372.0
510000 1414.141414141414
510500 1400.0
511000 1393.0348258706467
511500 1414.141414141414
512000 1400.0
512500 1372.0
513000 1407.0351758793968
513500 1372.0
514000 1428.0
514500 1378.894472361809
515000 1378.894472361809
515500 1428.0
516000 1400.0
516500 1400.0
517000 1378.894472361809
517500 1393.0348258706467
518000 1365.1741293532339
518500 1407.0351758793968
519000 1400.0
519500 1400.0
520000 1414.141414141414
520500 1400.0
521000 1372.0
521500 1407.0351758793968
522000 1400.0
522500 1372.0
523000 1407.0351758793968
523500 1400.0
524000 1385.858585858586
524500 1420.8955223880598
525000 1372.0
525501 1400.0
526000 1414.141414141414
526500 1393.0348258706467
527000 1400.0
527500 1378.894472361809
528000 1372.0
528500 1435.1758793969848
529000 1407.0351758793968
529500 1400.0
530000 1400.0
530500 1407.0351758793968
531001 1400.0
531500 1407.0351758793968
532000 1407.0351758793968
532500 1372.0
533000 1435.1758793969848
533500 1407.0351758793968
534000 1372.0
534490 1428.5714285714287
535000 1406.8965517241381
535500 1400.0
536000 1385.858585858586
536500 1428.0
537000 1407.0351758793968
537490 1400.0
538000 1379.310344827586
538500 1428.0
539000 1378.894472361809
539500 1407.0351758793968
540000 1428.0
540500 1365.1741293532339
540990 1400.0
541500 1413.8613861386139
542000 1428.0
542500 1400.0
542990 1378.4615384615383
543500 1393.170731707317
543990 1400.0
544490 1407.0351758793968
545000 1427.4509803921567
545500 1414.141414141414
545990 1364.467005076142
546500 1406.8965517241381
546990 1407.179487179487
547500 1400.0
547990 1407.179487179487
548490 1400.0
549000 1406.8965517241381
549490 1400.0
549990 1400.0
550500 1400.0
551000 1407.0351758793968
551500 1407.0351758793968
551990 1407.179487179487
552490 1400.0
553000 1400.0
553500 1414.141414141414
553990 1400.0
554500 1400.0
554990 1407.179487179487
555490 1407.0351758793968
556000 1406.8965517241381
556500 1400.0
557000 1393.0348258706467
557500 1414.141414141414
558000 1400.0
558500 1407.0351758793968
559000 1372.0
559500 1435.1758793969848
560000 1400.0
560500 1414.141414141414
561000 1400.0
561500 1400.0
561990 1414.4329896907216
562500 1400.0
562990 1400.0
563490 1400.0
564000 1400.0
564500 1407.0351758793968
564990 1400.0
565500 1413.8613861386139
566000 1407.0351758793968
566500 1393.0348258706467
567000 1414.141414141414
567490 1371.4285714285713
568000 1434.4827586206895
568499 1400.0
569000 1407.0351758793968
569500 1400.0
570000 1400.0
570490 1407.179487179487
571000 1400.0
571500 1407.0351758793968
572000 1407.0351758793968
572490 1400.0
573000 1406.8965517241381
573500 1400.0
574000 1372.0
574500 1435.1758793969848
575000 1372.0
575500 1435.1758793969848
576000 1400.0
576500 1378.894472361809
576990 1428.5714285714287
577500 1406.8965517241381
578000 1400.0
578500 1400.0
579000 1400.0
579490 1407.179487179487
580000 1372.5490196078429
580500 1428.0
581000 1407.0351758793968
581490 1378.4615384615383
582000 1406.8965517241381
582500 1400.0
583000 1400.0
583500 1428.0
584000 1414.141414141414
584490 1407.179487179487
585000 1400.0
585500 1372.0
586000 1407.0351758793968
586490 1407.179487179487
587000 1434.4827586206895
587490 1364.467005076142
588000 1406.8965517241381
588500 1428.0
589000 1393.0348258706467
589500 1407.0351758793968
590000 1400.0
590500 1378.894472361809
591000 1400.0
591500 1393.0348258706467
592000 1372.0
592499 1407.0351758793968
593000 1378.894472361809
593500 1372.0
594000 1428.0
594500 1407.0351758793968
594990 1371.4285714285713
595500 1406.8965517241381
596000 1435.1758793969848
596500 1393.0348258706467
596990 1407.179487179487
597490 1378.894472361809
598000 1400.0
598500 1442.4242424242425
599001 1400.0
599490 1371.4285714285713
599991 1428.0
600500 1379.310344827586
601000 1407.0351758793968
601490 1435.8974358974356
601989 1407.0351758793968
602500 1365.8536585365853
602990 1435.8974358974356
603500 1400.0
604000 1385.858585858586
604500 1393.0348258706467
604990 1435.8974358974356
605500 1379.310344827586
606000 1400.0
606500 1407.0351758793968
606990 1400.0
607500 1400.0
608000 1414.141414141414
608490 1400.0
608990 1400.0
609490 1407.0351758793968
610000 1400.0
610500 1407.0351758793968
610990 1400.0
611500 1372.5490196078429
611990 1443.2989690721647
612500 1393.170731707317
612990 1407.179487179487
613500 1400.0
614000 1414.141414141414
614500 1400.0
615000 1407.0351758793968
615500 1400.0
616000 1372.0
616490 1400.0
617000 1406.8965517241381
617500 1400.0
618000 1407.0351758793968
618500 1372.0
619000 1372.0
619500 1414.141414141414
620000 1428.0
620500 1400.0
620990 1385.5670103092782
621490 1407.0351758793968
622000 1400.0
622500 1407.0351758793968
622990 1400.0
623500 1400.0
624000 1400.0
624500 1414.141414141414
624990 1392.8934010152284
625500 1379.310344827586
626000 1435.1758793969848
626502 1400.0
627000 1407.0351758793968
627501 1372.0
627990 1428.5714285714287
628490 1378.894472361809
628990 1407.0351758793968
629500 1400.0
629990 1407.179487179487
630490 1400.0
631000 1406.8965517241381
631490 1400.0
631990 1407.0351758793968
632491 1365.1741293532339
633000 1434.4827586206895
633500 1372.0
634000 1414.141414141414
634500 1400.0
635000 1407.0351758793968
635499 1400.0
636000 1400.0
636490 1414.4329896907216
637000 1393.170731707317
637500 1414.141414141414
638000 1393.0348258706467
638500 1407.0351758793968
638990 1407.179487179487
639500 1406.8965517241381
640000 1400.0
640500 1378.894472361809
641000 1428.0
641500 1372.0
641990 1428.5714285714287
642500 1386.1386138613861
643000 1393.0348258706467
643500 1400.0
644000 1407.0351758793968
644490 1400.0
644990 1407.0351758793968
645500 1400.0
646000 1407.0351758793968
646500 1365.1741293532339
647000 1442.4242424242425
647490 1400.0
648000 1406.8965517241381
648500 1372.0
648990 1428.5714285714287
649490 1378.894472361809
650000 1434.4827586206895
650500 1372.0
650990 1435.8974358974356
651500 1372.5490196078429
651990 1407.179487179487
652490 1428.0
653000 1413.8613861386139
653500 1378.894472361809
654000 1428.0
654500 1372.0
655000 1435.1758793969848
655500 1372.0
656000 1400.0
656500 1407.0351758793968
657000 1428.0
657500 1372.0
657990 1407.179487179487
658500 1406.8965517241381
658990 1428.5714285714287
659489 1400.0
660000 1372.5490196078429
660500 1407.0351758793968
661000 1428.0
661500 1378.894472361809
662000 1428.0
662500 1372.0
663000 1400.0
663500 1428.0
663991 1378.4615384615383
664500 1427.4509803921567
664999 1400.0
665490 1378.4615384615383
666000 1400.0
666500 1400.0
667000 1400.0
667500 1414.141414141414
668000 1400.0
668500 1400.0
669000 1400.0
669500 1378.894472361809
670000 1420.8955223880598
670500 1378.894472361809
671000 1435.1758793969848
671500 1407.0351758793968
672000 1400.0
672500 1407.0351758793968
673000 1400.0
673500 1400.0
674000 1378.894472361809
674500 1428.0
675000 1400.0
675500 1414.141414141414
676000 1407.0351758793968
676500 1407.0351758793968
677000 1372.0
677500 1400.0
678000 1428.0
678490 1371.4285714285713
678990 1435.1758793969848
679490 1372.0
680000 1427.4509803921567
680500 1407.0351758793968
681000 1378.894472361809
681489 1428.5714285714287
682000 1379.310344827586
682500 1428.0
683000 1378.894472361809
683490 1435.8974358974356
684000 1386.1386138613861
684500 1393.0348258706467
685000 1407.0351758793968
685490 1435.8974358974356
686000 1400.0
686500 1407.0351758793968
687000 1400.0
687500 1378.894472361809
688000 1435.1758793969848
688500 1400.0
689000 1407.0351758793968
689500 1400.0
690000 1400.0
690500 1400.0
691000 1385.858585858586
691500 1428.0
692000 1407.0351758793968
692500 1393.0348258706467
693000 1407.0351758793968
693499 1400.0
693990 1407.179487179487
694500 1372.5490196078429
695000 1435.1758793969848
695500 1378.894472361809
695999 1428.0
696490 1371.4285714285713
697000 1406.8965517241381
697490 1407.179487179487
698000 1427.4509803921567
698490 1378.4615384615383
699000 1393.170731707317
699489 1435.8974358974356
699990 1372.0
700500 1400.0
700990 1435.8974358974356
701490 1378.894472361809
702000 1406.8965517241381
702500 1400.0
702989 1400.0
703490 1428.0
704000 1386.1386138613861
704490 1435.8974358974356
705000 1393.170731707317
705490 1414.4329896907216
706000 1393.170731707317
706500 1378.894472361809
707000 1407.0351758793968
707500 1400.0
708000 1435.1758793969848
708500 1372.0
709000 1407.0351758793968
709500 1400.0
710000 1435.1758793969848
710490 1371.4285714285713
711000 1434.4827586206895
711500 1400.0
712000 1365.1741293532339
712500 1414.141414141414
713000 1400.0
713489 1407.179487179487
714000 1400.0
714500 1400.0
715000 1400.0
715500 1407.0351758793968
715990 1414.4329896907216
716500 1406.8965517241381
717000 1400.0
717500 1428.0
717990 1385.5670103092782
718490 1393.0348258706467
718990 1407.0351758793968
719490 1400.0
720000 1400.0
720500 1428.0
720990 1378.4615384615383
721500 1400.0
722000 1407.0351758793968
722500 1407.0351758793968
723000 1407.0351758793968
723500 1407.0351758793968
724000 1400.0
724500 1400.0
725000 1407.0351758793968
725500 1378.894472361809
726000 1420.8955223880598
726500 1414.141414141414
727000 1400.0
727490 1392.8934010152284
728000 1413.8613861386139
728500 1407.0351758793968
729000 1365.1741293532339
729500 1400.0
729999 1378.894472361809
730500 1435.1758793969848
730990 1400.0
731500 1372.5490196078429
732000 1414.141414141414
732500 1393.0348258706467
733000 1407.0351758793968
733500 1365.1741293532339
733990 1407.179487179487
734500 1406.8965517241381
734990 1400.0
735500 1406.8965517241381
735990 1407.179487179487
736500 1406.8965517241381
737000 1407.0351758793968
737500 1400.0
738000 1378.894472361809
738500 1428.0
739000 1407.0351758793968
739500 1400.0
740000 1400.0
740490 1407.179487179487
741000 1406.8965517241381
741500 1400.0
742000 1414.141414141414
742500 1400.0
742990 1378.4615384615383
743500 1400.0
744000 1442.4242424242425
744500 1393.0348258706467
745000 1407.0351758793968
745490 1400.0
746000 1406.8965517241381
746500 1407.0351758793968
747000 1400.0
747500 1414.141414141414
748000 1372.0
748490 1428.5714285714287
748989 1400.0
749500 1413.8613861386139
750000 1393.0348258706467
750500 1378.894472361809
751000 1428.0
751490 1371.4285714285713
752000 1434.4827586206895
752500 1400.0
753000 1400.0
753490 1400.0
754000 1372.5490196078429
754500 1407.0351758793968
755000 1428.0
755500 1407.0351758793968
756000 1378.894472361809
756500 1428.0
757000 1378.894472361809
757500 1414.141414141414
757990 1400.0
758500 1427.4509803921567
758990 1400.0
759490 1378.894472361809
760000 1434.4827586206895
760500 1372.0
761000 1414.141414141414
761500 1428.0
761990 1400.0
762490 1378.894472361809
763000 1427.4509803921567
763500 1400.0
764000 1378.894472361809
764500 1400.0
765000 1407.0351758793968
765500 1400.0
766000 1400.0
766500 1435.1758793969848
767000 1400.0
767500 1378.894472361809
768000 1428.0
768500 1407.0351758793968
769000 1378.894472361809
769500 1400.0
770000 1407.0351758793968
770500 1400.0
771000 1400.0
771500 1385.858585858586
772000 1420.8955223880598
772500 1365.1741293532339
773000 1435.1758793969848
773500 1400.0
774000 1385.858585858586
774500 1400.0
775000 1400.0
775490 1407.179487179487
776000 1400.0
776500 1400.0
777000 1400.0
777500 1435.1758793969848
778000 1407.0351758793968
778490 1371.4285714285713
778990 1435.1758793969848
779500 1372.5490196078429
780000 1435.1758793969848
780490 1378.4615384615383
780990 1400.0
781500 1400.0
782000 1428.0
782500 1378.894472361809
783000 1407.0351758793968
783490 1392.8934010152284
784000 1413.8613861386139
784500 1393.0348258706467
785000 1407.0351758793968
785500 1428.0
786000 1385.858585858586
786500 1400.0
786990 1400.0
787499 1406.8965517241381
788000 1407.0351758793968
788500 1400.0
789000 1400.0
789500 1414.141414141414
790000 1372.0
790500 1428.0
791000 1385.858585858586
791500 1393.0348258706467
792000 1407.0351758793968
792500 1372.0
793000 1372.0
793500 1414.141414141414
794000 1400.0
794500 1393.0348258706467
795000 1442.4242424242425
795490 1371.4285714285713
795990 1400.0
796490 1400.0
796990 1407.0351758793968
797500 1406.8965517241381
798000 1400.0
798500 1407.0351758793968
799000 1400.0
799490 1414.4329896907216
800000 1406.8965517241381
800490 1392.8934010152284
801000 1406.8965517241381
801500 1400.0
801990 1414.4329896907216
802489 1393.0348258706467
803000 1406.8965517241381
803500 1407.0351758793968
804000 1407.0351758793968
804500 1400.0
804990 1407.179487179487
805490 1407.0351758793968
806000 1393.170731707317
806500 1400.0
807000 1414.141414141414
807490 1407.179487179487
807990 1393.0348258706467
808500 1406.8965517241381
809000 1400.0
809500 1407.0351758793968
810000 1400.0
810500 1400.0
811000 1400.0
811500 1400.0
811990 1407.179487179487
812500 1400.0
812990 1400.0
813500 1406.8965517241381
813990 1407.179487179487
814500 1400.0
815000 1400.0
815500 1407.0351758793968
816000 1407.0351758793968
816500 1372.0
817000 1442.4242424242425
817500 1400.0
818000 1365.1741293532339
818489 1435.8974358974356
819000 1406.8965517241381
819500 1407.0351758793968
820000 1400.0
820500 1400.0
821000 1407.0351758793968
821500 1385.858585858586
821990 1392.8934010152284
822500 1434.4827586206895
823000 1428.0
823500 1378.894472361809
823990 1378.4615384615383
824500 1393.170731707317
824999 1435.1758793969848
825500 1400.0
826000 1414.141414141414
826500 1372.0
827000 1435.1758793969848
827499 1400.0
828000 1400.0
828500 1414.141414141414
829000 1365.1741293532339
829500 1414.141414141414
829990 1428.5714285714287
830490 1372.0
831000 1400.0
831489 1428.5714285714287
832000 1406.8965517241381
832500 1400.0
833000 1407.0351758793968
833500 1372.0
834000 1428.0
834500 1414.141414141414
835000 1372.0
835500 1435.1758793969848
836000 1407.0351758793968
836500 1378.894472361809
837000 1428.0
837500 1378.894472361809
838000 1400.0
838500 1400.0
838999 1435.1758793969848
839500 1372.0
840000 1435.1758793969848
840500 1372.0
841000 1407.0351758793968
841501 1393.0348258706467
842000 1435.1758793969848
842500 1414.141414141414
843000 1365.1741293532339
843500 1435.1758793969848
844000 1378.894472361809
844500 1400.0
844990 1435.8974358974356
845500 1379.310344827586
846000 1400.0
846500 1428.0
847000 1407.0351758793968
847490 1378.4615384615383
848000 1420.4878048780488
848500 1385.858585858586
848990 1428.5714285714287
849500 1379.310344827586
850000 1393.0348258706467
850500 1407.0351758793968
851000 1378.894472361809
851500 1435.1758793969848
852000 1400.0
852500 1407.0351758793968
853000 1400.0
853500 1400.0
854000 1385.858585858586
854490 1400.0
854990 1428.0
855499 1386.1386138613861
855990 1392.8934010152284
856500 1406.8965517241381
856990 1428.5714285714287
857500 1406.8965517241381
858000 1378.894472361809
858500 1400.0
859000 1428.0
859500 1378.894472361809
860000 1400.0
860500 1414.141414141414
861000 1435.1758793969848
861500 1393.0348258706467
862000 1372.0
862500 1435.1758793969848
863000 1407.0351758793968
863500 1393.0348258706467
863990 1371.4285714285713
864490 1442.4242424242425
865000 1372.5490196078429
865500 1407.0351758793968
865990 1407.179487179487
866500 1406.8965517241381
866989 1400.0
867500 1400.0
867990 1435.8974358974356
868500 1379.310344827586
869001 1420.8955223880598
869500 1385.858585858586
870000 1407.0351758793968
870490 1407.179487179487
870990 1400.0
871500 1406.8965517241381
872000 1407.0351758793968
872500 1400.0
873000 1435.1758793969848
873500 1400.0
873999 1372.0
874501 1428.0
875001 1378.894472361809
875500 1428.0
875990 1371.4285714285713
876500 1406.8965517241381
877000 1400.0
877500 1407.0351758793968
878000 1407.0351758793968
878500 1420.8955223880598
879000 1372.0
879500 1400.0
880000 1407.0351758793968
880500 1400.0
881000 1407.0351758793968
881500 1407.0351758793968
881990 1400.0
882500 1413.8613861386139
883000 1400.0
883500 1400.0
884000 1400.0
884490 1407.179487179487
884990 1400.0
885500 1406.8965517241381
886000 1400.0
886500 1407.0351758793968
887000 1393.0348258706467
887500 1414.141414141414
887990 1407.179487179487
888501 1400.0
888990 1407.179487179487
889490 1400.0
890000 1400.0
890490 1407.179487179487
891000 1393.170731707317
891500 1414.141414141414
891990 1400.0
892500 1400.0
892990 1407.179487179487
893490 1378.894472361809
894000 1420.4878048780488
894500 1407.0351758793968
895000 1414.141414141414
895499 1400.0
895990 1400.0
896490 1400.0
896990 1378.894472361809
897500 1434.4827586206895
897990 1407.179487179487
898490 1393.0348258706467
898990 1385.858585858586
899490 1420.8955223880598
900000 1406.8965517241381
900490 1407.179487179487
900990 1400.0
901500 1400.0
902000 1372.0
902490 1443.2989690721647
902990 1407.0351758793968
903490 1393.0348258706467
903990 1378.894472361809
904490 1428.0
904990 1378.894472361809
905500 1427.4509803921567
905999 1407.0351758793968
906500 1400.0
906990 1400.0
907490 1407.0351758793968
907990 1378.894472361809
908490 1428.0
909000 1372.5490196078429
909500 1414.141414141414
910000 1435.1758793969848
910500 1393.0348258706467
911000 1407.0351758793968
911500 1372.0
911990 1400.0
912490 1414.141414141414
912990 1400.0
913490 1435.1758793969848
913990 1400.0
914490 1372.0
914990 1435.1758793969848
915490 1378.894472361809
915990 1400.0
916500 1406.8965517241381
917000 1400.0
917490 1407.179487179487
917990 1400.0
918490 1400.0
918990 1435.1758793969848
919490 1372.0
919990 1414.141414141414
920500 1400.0
921000 1407.0351758793968
921500 1393.0348258706467
922000 1414.141414141414
922490 1407.179487179487
922990 1400.0
923490 1400.0
923990 1407.0351758793968
924490 1393.0348258706467
924990 1407.0351758793968
925490 1414.141414141414
926000 1400.0
926490 1400.0
926990 1407.0351758793968
927490 1400.0
927990 1407.0351758793968
928490 1407.0351758793968
928990 1393.0348258706467
929500 1400.0
929990 1407.179487179487
930500 1406.8965517241381
931000 1414.141414141414
931500 1400.0
931990 1400.0
932500 1406.8965517241381
933000 1372.0
933500 1435.1758793969848
934000 1400.0
934500 1378.894472361809
934989 1400.0
935490 1428.0
936000 1406.8965517241381
936500 1393.0348258706467
936990 1400.0
937490 1385.858585858586
938000 1427.4509803921567
938500 1400.0
939000 1407.0351758793968
939499 1407.0351758793968
940000 1407.0351758793968
940500 1400.0
941000 1407.0351758793968
941500 1372.0
942000 1435.1758793969848
942500 1400.0
943000 1400.0
943500 1378.894472361809
944000 1428.0
944500 1407.0351758793968
944990 1407.179487179487
945490 1378.894472361809
945990 1420.8955223880598
946490 1407.0351758793968
947000 1406.8965517241381
947500 1400.0
948000 1400.0
948500 1372.0
948999 1435.1758793969848
949500 1385.858585858586
950000 1428.0
950499 1378.894472361809
951000 1393.0348258706467
951500 1378.894472361809
952000 1407.0351758793968
952500 1372.0
953000 1393.0348258706467
953500 1407.0351758793968
954000 1400.0
954500 1400.0
955000 1400.0
955500 1378.894472361809
956000 1400.0
956500 1400.0
957000 1400.0
957500 1407.0351758793968
958000 1378.894472361809
958500 1428.0
959000 1372.0
959500 1400.0
960000 1400.0
960500 1378.894472361809
961000 1372.0
961500 1400.0
961999 1407.0351758793968
962500 1407.0351758793968
963000 1407.0351758793968
963490 1407.179487179487
963990 1400.0
964490 1407.0351758793968
964999 1400.0
965490 1407.179487179487
966000 1372.5490196078429
966500 1378.894472361809
967000 1400.0
967500 1435.1758793969848
967999 1400.0
968500 1393.0348258706467
969000 1385.858585858586
969500 1393.0348258706467
970000 1407.0351758793968
970500 1435.1758793969848
971000 1372.0
971500 1407.0351758793968
972000 1435.1758793969848
972500 1372.0
973000 1400.0
973500 1407.0351758793968
974000 1407.0351758793968
974500 1365.1741293532339
975000 1407.0351758793968
975500 1407.0351758793968
976000 1400.0
976490 1400.0
976990 1400.0
977500 1379.310344827586
978000 1435.1758793969848
978490 1400.0
978990 1378.894472361809
979490 1428.0
979990 1372.0
980500 1406.8965517241381
981000 1365.1741293532339
981500 1435.1758793969848
981990 1371.4285714285713
982490 1407.0351758793968
983000 1406.8965517241381
983500 1400.0
984000 1378.894472361809
984499 1400.0
985000 1372.0
985500 1400.0
986000 1407.0351758793968
986500 1428.0
987000 1378.894472361809
987500 1400.0
988000 1407.0351758793968
988500 1372.0
988990 1400.0
989490 1407.0351758793968
990000 1427.4509803921567
990500 1378.894472361809
990990 1400.0
991490 1407.0351758793968
992000 1406.8965517241381
992490 1371.4285714285713
992990 1400.0
993500 1434.4827586206895
994000 1372.0
994500 1414.141414141414
995000 1400.0
995500 1372.0
996000 1400.0
996500 1393.0348258706467
997000 1378.894472361809
997500 1400.0
998000 1378.894472361809
998500 1428.0
999000 1372.0
999500 1407.0351758793968
1000000 1400.0
1000500 1407.0351758793968
1001000 1400.0
1001500 1407.0351758793968
1002000 1400.0
1002500 1414.141414141414
1003000 1393.0348258706467
1003500 1400.0
1004000 1385.858585858586
1004490 1400.0
1005000 1434.4827586206895
1005490 1400.0
1006000 1400.0
1006490 1400.0
1006990 1407.0351758793968
1007490 1372.0
1008000 1413.8613861386139
1008490 1428.5714285714287
1009000 1400.0
1009490 1421.761658031088
1010000 1400.0
1010500 1372.0
1010990 1435.8974358974356
1011490 1393.0348258706467
1011990 1414.141414141414
1012500 1372.5490196078429
1013000 1435.1758793969848
1013490 1400.0
1014000 1406.8965517241381
1014500 1407.0351758793968
1015000 1372.0
1015490 1407.179487179487
1016000 1427.4509803921567
1016500 1378.894472361809
1017000 1400.0
1017500 1435.1758793969848
1018000 1372.0
1018500 1435.1758793969848
1018990 1407.179487179487
1019490 1372.0
1019990 1400.0
1020500 1427.4509803921567
1020999 1407.0351758793968
1021500 1372.0
1022000 1407.0351758793968
1022500 1428.0
1023000 1372.0
1023500 1435.1758793969848
1024000 1400.0
1024500 1400.0
1025000 1400.0
1025500 1372.0
1026000 1435.1758793969848
1026500 1407.0351758793968
1027000 1407.0351758793968
1027500 1372.0
1028000 1428.0
1028500 1407.0351758793968
1029000 1407.0351758793968
1029500 1372.0
1030000 1407.0351758793968
1030500 1428.0
1031000 1378.894472361809
1031501 1393.0348258706467
1032000 1407.0351758793968
1032500 1428.0
1033000 1378.894472361809
1033500 1407.0351758793968
1034000 1400.0
1034500 1372.0
1035000 1407.0351758793968
1035500 1393.0348258706467
1036000 1400.0
1036500 1378.894472361809
1037000 1435.1758793969848
1037500 1378.894472361809
1038000 1420.8955223880598
1038500 1378.894472361809
1039000 1407.0351758793968
1039500 1400.0
1040000 1414.141414141414
1040500 1428.0
1041000 1372.0
1041500 1414.141414141414
1042000 1393.0348258706467
1042500 1414.141414141414
1043000 1400.0
1043500 1400.0
1043990 1400.0
1044490 1407.0351758793968
1044990 1407.0351758793968
1045490 1407.0351758793968
1046000 1400.0
1046490 1400.0
1046990 1407.0351758793968
1047490 1435.1758793969848
1047990 1378.894472361809
1048500 1400.0
1048999 1407.0351758793968
1049500 1400.0
1050000 1407.0351758793968
1050500 1400.0
1051000 1407.0351758793968
1051500 1400.0
1052000 1407.0351758793968
1052500 1407.0351758793968
1053000 1400.0
1053500 1407.0351758793968
1054000 1400.0
1054500 1407.0351758793968
1055000 1400.0
1055490 1407.179487179487
1055999 1400.0
1056500 1407.0351758793968
1057000 1407.0351758793968
1057490 1392.8934010152284
1058000 1379.310344827586
1058501 1428.0
1059000 1400.0
1059500 1407.0351758793968
1060000 1400.0
1060500 1407.0351758793968
1061000 1400.0
1061500 1407.0351758793968
1062000 1372.0
1062500 1420.8955223880598
1063000 1414.141414141414
1063500 1400.0
1064000 1414.141414141414
1064500 1400.0
1065000 1400.0
1065500 1414.141414141414
1065990 1400.0
1066490 1378.894472361809
1066999 1434.4827586206895
1067500 1400.0
1067990 1400.0
1068490 1407.0351758793968
1068990 1372.0
1069490 1428.0
1070000 1413.8613861386139
1070500 1378.894472361809
1071000 1407.0351758793968
1071500 1420.8955223880598
1072000 1372.0
1072500 1428.0
1073000 1400.0
1073500 1385.858585858586
1074000 1400.0
1074500 1435.1758793969848
1075000 1400.0
1075500 1407.0351758793968
1076000 1372.0
1076501 1435.1758793969848
1077000 1400.0
1077500 1407.0351758793968
1078000 1372.0
1078490 1407.179487179487
1079000 1406.8965517241381
1079490 1428.5714285714287
1079990 1407.0351758793968
1080500 1406.8965517241381
1081000 1400.0
1081500 1372.0
1082000 1428.0
1082500 1400.0
1082990 1407.179487179487
1083490 1407.0351758793968
1084000 1372.5490196078429
1084500 1400.0
1085000 1428.0
1085490 1407.179487179487
1085990 1378.894472361809
1086499 1434.4827586206895
1087000 1372.0
1087500 1407.0351758793968
1087990 1400.0
1088489 1407.0351758793968
1089000 1400.0
1089490 1407.179487179487
1089990 1400.0
1090500 1434.4827586206895
1091000 1372.0
1091490 1407.179487179487
1092000 1406.8965517241381
1092500 1435.1758793969848
1093000 1393.0348258706467
1093500 1378.894472361809
1094000 1407.0351758793968
1094500 1400.0
1095000 1407.0351758793968
1095500 1372.0
1096000 1407.0351758793968
1096500 1372.0
1097000 1407.0351758793968
1097500 1400.0
1097990 1414.4329896907216
1098500 1393.170731707317
1099000 1414.141414141414
1099500 1393.0348258706467
1100000 1385.858585858586
1100500 1420.8955223880598
1101000 1414.141414141414
1101500 1393.0348258706467
1102000 1378.894472361809
1102499 1435.1758793969848
1103000 1393.0348258706467
1103500 1414.141414141414
1103990 1407.179487179487
1104500 1400.0
1105000 1372.0
1105490 1400.0
1105990 1407.0351758793968
1106490 1435.1758793969848
1106990 1400.0
1107490 1372.0
1108000 1400.0
1108500 1407.0351758793968
1109000 1400.0
1109500 1407.0351758793968
1109999 1400.0
1110510 1400.0
1110999 1407.179487179487
1111510 1400.0
1111999 1400.0
1112500 1407.0351758793968
1113000 1400.0
1113500 1372.0
1114000 1407.0351758793968
1114500 1420.8955223880598
1115000 1378.894472361809
1115500 1435.1758793969848
1116000 1365.1741293532339
1116500 1407.0351758793968
1117000 1400.0
1117500 1407.0351758793968
1118000 1407.0351758793968
1118500 1400.0
1119000 1400.0
1119500 1407.0351758793968
1120000 1400.0
1120500 1407.0351758793968
1121000 1400.0
1121500 1400.0
1122000 1407.0351758793968
1122500 1372.0
1123000 1435.1758793969848
1123500 1407.0351758793968
1124000 1372.0
1124503 1420.8955223880598
1124990 1385.5670103092782
1125499 1427.4509803921567
1126010 1372.5490196078429
1126500 1428.5714285714287
1126990 1385.5670103092782
1127490 1393.0348258706467
1128000 1406.8965517241381
1128500 1400.0
1129000 1407.0351758793968
1129500 1407.0351758793968
1130000 1400.0
1130500 1400.0
1130999 1372.0
1131510 1413.8613861386139
1132000 1392.8934010152284
1132499 1372.0
1133000 1407.0351758793968
1133500 1400.0
