0 0.0
503 0.0
1003 0.0
1502 0.0
2002 756.0
2502 1400.0
3003 1414.141414141414
3493 1400.0
4002 1400.0
4502 1400.0
5003 1407.0351758793968
5503 1378.894472361809
6003 1428.0
6502 1378.894472361809
7002 1400.0
7502 1400.0
7992 1068.0412371134018
8503 0.0
9002 0.0
9503 0.0
10002 1244.4444444444443
10503 1238.1909547738694
11003 0.0
11502 0.0
12003 0.0
12503 0.0
13003 140.7035175879397
13502 0.0
14002 0.0
14502 0.0
15002 0.0
15502 534.6733668341708
16003 1372.0
16503 1400.0
17003 1378.894472361809
17502 1400.0
18002 1407.0351758793968
18502 1372.0
19003 1400.0
19503 1407.0351758793968
20003 1407.0351758793968
20503 1407.0351758793968
21003 1372.0
21503 1400.0
22003 1400.0
22502 1407.0351758793968
23003 1400.0
23502 1400.0
24003 1407.0351758793968
24502 1407.0351758793968
25003 1365.1741293532339
25503 1400.0
26002 1435.1758793969848
26503 1372.0
27002 1407.0351758793968
27503 1400.0
28003 1400.0
28502 1407.0351758793968
29002 1400.0
29503 1407.0351758793968
30003 1407.0351758793968
30503 1400.0
31003 1414.141414141414
31503 1400.0
32003 1393.0348258706467
32503 1407.0351758793968
33002 1407.0351758793968
33503 1400.0
34003 1400.0
34503 1407.0351758793968
35002 1407.0351758793968
35503 1372.0
36003 1435.1758793969848
36502 1372.0
37003 1414.141414141414
37503 1434.4827586206895
38002 1371.4285714285713
38503 1420.8955223880598
38993 1400.0
39502 1386.1386138613861
40003 1428.0
40503 1378.894472361809
41002 1407.0351758793968
41503 1400.0
42002 1407.0351758793968
42503 1400.0
43002 1400.0
43503 1400.0
44003 1385.858585858586
44502 1420.8955223880598
45003 1378.894472361809
45502 1407.0351758793968
46002 1400.0
46502 1400.0
47003 1428.0
47502 1378.894472361809
48003 1428.0
48503 1378.894472361809
49002 1400.0
49503 1428.0
50002 1407.0351758793968
50503 1378.894472361809
51002 1407.0351758793968
51503 1400.0
52003 1407.0351758793968
52503 1372.0
53003 1428.0
53503 1385.858585858586
54003 1428.0
54502 1407.0351758793968
55002 1400.0
55502 1372.0
56002 1428.0
56503 1385.858585858586
57002 1400.0
57503 1407.0351758793968
57993 1428.5714285714287
58502 1379.310344827586
58992 1400.0
59503 1400.0
59993 1400.0
60503 1406.8965517241381
60992 1414.4329896907216
61503 1406.8965517241381
62003 1393.0348258706467
62502 1385.858585858586
63003 1393.0348258706467
63502 1435.1758793969848
64003 1378.894472361809
64503 1428.0
65003 1407.0351758793968
65493 1407.179487179487
66002 1400.0
66492 1407.179487179487
67003 1372.5490196078429
67493 1428.5714285714287
68002 1413.8613861386139
68492 1371.4285714285713
69003 1427.4509803921567
69493 1400.0
70002 1406.8965517241381
70492 1407.179487179487
71003 1372.5490196078429
71502 1428.0
72002 1407.0351758793968
72502 1372.0
73003 1428.0
73502 1385.858585858586
74003 1400.0
74502 1428.0
75003 1378.894472361809
75502 1400.0
76003 1400.0
76502 1400.0
77002 1435.1758793969848
77503 1400.0
78002 1385.858585858586
78502 1428.0
79002 1400.0
79502 1378.894472361809
80002 1400.0
80503 1428.0
81002 1407.0351758793968
81503 1372.0
82002 1407.0351758793968
82503 1428.0
83002 1407.0351758793968
83503 1400.0
84002 1372.0
84502 1435.1758793969848
85003 1365.1741293532339
85502 1414.141414141414
86003 1435.1758793969848
86502 1372.0
87003 1428.0
87502 1407.0351758793968
88003 1372.0
88502 1407.0351758793968
89002 1400.0
89503 1428.0
90003 1372.0
90503 1407.0351758793968
91002 1407.0351758793968
91503 1428.0
92003 1400.0
92502 1407.0351758793968
93003 1407.0351758793968
93502 1400.0
93992 1378.4615384615383
94503 1427.4509803921567
94992 1371.4285714285713
95503 1413.8613861386139
95993 1392.8934010152284
96502 1413.8613861386139
96992 1400.0
97503 1434.4827586206895
97993 1371.4285714285713
98502 1400.0
98992 1435.8974358974356
99502 1379.310344827586
99992 1421.3197969543146
100503 1379.310344827586
100993 1392.8934010152284
101502 1406.8965517241381
101993 1407.179487179487
102503 1427.4509803921567
102993 1371.4285714285713
103492 1414.141414141414
104002 1406.8965517241381
104492 1392.8934010152284
105003 1406.8965517241381
105493 1400.0
106002 1420.4878048780488
106493 1385.5670103092782
106992 1407.0351758793968
107503 1406.8965517241381
107993 1400.0
108502 1406.8965517241381
108992 1407.179487179487
109503 1400.0
110002 1407.0351758793968
110492 1400.0
111002 1406.8965517241381
111502 1428.0
112003 1372.0
112503 1407.0351758793968
113002 1400.0
113503 1400.0
114002 1385.858585858586
114503 1428.0
115002 1378.894472361809
115502 1435.1758793969848
116002 1400.0
116492 1400.0
117003 1406.8965517241381
117493 1392.8934010152284
118002 1413.8613861386139
118492 1400.0
119003 1400.0
119492 1414.4329896907216
120003 1406.8965517241381
120493 1392.8934010152284
121002 1406.8965517241381
121493 1407.179487179487
122003 1400.0
122503 1400.0
123003 1414.141414141414
123502 1407.0351758793968
124003 1407.0351758793968
124493 1378.4615384615383
125003 1427.4509803921567
125493 1400.0
126002 1406.8965517241381
126492 1400.0
127003 1400.0
127492 1414.4329896907216
128003 1393.170731707317
128492 1385.5670103092782
129003 1434.4827586206895
129493 1400.0
130002 1379.310344827586
130493 1435.8974358974356
131003 1379.310344827586
131492 1400.0
132002 1427.4509803921567
132502 1372.0
132993 1407.179487179487
133502 1427.4509803921567
133992 1407.179487179487
134502 1413.8613861386139
134992 1392.8934010152284
135502 1386.1386138613861
135992 1392.8934010152284
136502 1441.5841584158416
136992 1392.8934010152284
137503 1406.8965517241381
137993 1407.179487179487
138503 1400.0
138993 1407.179487179487
139503 1372.5490196078429
139992 1464.6153846153848
140503 1379.310344827586
140992 1371.4285714285713
141503 1427.4509803921567
141992 1407.179487179487
142502 1406.8965517241381
143003 1393.0348258706467
143502 1385.858585858586
144002 1407.0351758793968
144502 1400.0
145002 1407.0351758793968
145503 1393.0348258706467
146002 1420.8955223880598
146502 1385.858585858586
147002 1442.4242424242425
147503 1407.0351758793968
148003 1372.0
148502 1428.0
149002 1378.894472361809
149503 1400.0
150002 1407.0351758793968
150502 1400.0
151003 1420.8955223880598
151503 1385.858585858586
152002 1435.1758793969848
152503 1400.0
153003 1400.0
153502 1407.0351758793968
154003 1400.0
154503 1393.0348258706467
155003 1421.3197969543146
155502 1386.1386138613861
156002 1414.141414141414
156503 1400.0
157002 1372.0
157502 1407.0351758793968
158003 1407.0351758793968
158503 1400.0
159002 1400.0
159502 1407.0351758793968
160002 1400.0
160503 1407.0351758793968
161003 1407.0351758793968
161502 1428.0
162003 1400.0
162503 1407.0351758793968
163003 1378.894472361809
163503 1400.0
164002 1407.0351758793968
164502 1428.0
165002 1385.858585858586
165492 1392.8934010152284
166002 1400.0
166503 1428.0
167003 1372.0
167503 1414.141414141414
168002 1393.0348258706467
168493 1435.8974358974356
169003 1379.310344827586
169493 1428.5714285714287
169992 1400.0
170492 1378.894472361809
170993 1407.0351758793968
171492 1407.0351758793968
171992 1400.0
172492 1400.0
173003 1406.8965517241381
173492 1428.5714285714287
173992 1372.0
174493 1414.141414141414
175002 1434.4827586206895
175502 1365.1741293532339
176002 1407.0351758793968
176503 1400.0
177002 1414.141414141414
177503 1400.0
178002 1400.0
178502 1400.0
179002 1428.0
179502 1378.894472361809
180003 1407.0351758793968
180502 1420.8955223880598
181002 1378.894472361809
181502 1400.0
182003 1414.141414141414
182503 1407.0351758793968
183002 1393.0348258706467
183502 1407.0351758793968
183993 1400.0
184503 1400.0
185003 1407.0351758793968
185493 1407.179487179487
185993 1400.0
186492 1407.0351758793968
186993 1400.0
187492 1407.0351758793968
187992 1400.0
188492 1407.0351758793968
188993 1400.0
189493 1407.0351758793968
189992 1407.0351758793968
190492 1407.0351758793968
190993 1400.0
191492 1407.0351758793968
191992 1400.0
192492 1400.0
192993 1407.0351758793968
193492 1407.0351758793968
193992 1414.141414141414
194493 1393.0348258706467
194993 1407.0351758793968
195503 1400.0
195992 1407.179487179487
196503 1400.0
197002 1407.0351758793968
197502 1407.0351758793968
198002 1400.0
198492 1407.179487179487
199003 1400.0
199492 1378.4615384615383
200003 1427.4509803921567
200502 1407.0351758793968
201002 1407.0351758793968
201493 1400.0
202003 1406.8965517241381
202503 1407.0351758793968
203002 1400.0
203502 1407.0351758793968
204002 1378.894472361809
204503 1393.0348258706467
205002 1400.0
205492 1435.8974358974356
206002 1406.8965517241381
206492 1371.4285714285713
207002 1400.0
207502 1414.141414141414
208003 1428.0
208502 1407.0351758793968
209002 1400.0
209503 1407.0351758793968
209992 1400.0
210502 1400.0
211002 1407.0351758793968
211502 1400.0
212003 1372.0
212503 1435.1758793969848
212992 1378.4615384615383
213502 1434.4827586206895
213993 1364.467005076142
214502 1413.8613861386139
215002 1400.0
215503 1435.1758793969848
216003 1372.0
216502 1435.1758793969848
217002 1407.0351758793968
217502 1393.0348258706467
218003 1414.141414141414
218503 1365.1741293532339
219002 1435.1758793969848
219502 1414.141414141414
220002 1365.1741293532339
220492 1414.4329896907216
221002 1420.4878048780488
221492 1407.179487179487
222002 1379.310344827586
222492 1428.5714285714287
223002 1372.5490196078429
223492 1407.179487179487
224002 1413.8613861386139
224503 1400.0
225002 1407.0351758793968
225502 1428.0
226002 1378.894472361809
226502 1420.8955223880598
227002 1407.0351758793968
227502 1372.0
228003 1400.0
228502 1435.1758793969848
229002 1414.141414141414
229502 1393.0348258706467
230003 1385.858585858586
230503 1393.0348258706467
231002 1407.0351758793968
231503 1428.0
232003 1378.894472361809
232502 1428.0
233003 1400.0
233503 1372.0
234003 1407.0351758793968
234502 1414.141414141414
235002 1400.0
235503 1400.0
236002 1407.0351758793968
236502 1435.1758793969848
237002 1372.0
237503 1407.0351758793968
238002 1393.0348258706467
238502 1414.141414141414
239002 1400.0
239503 1414.141414141414
240002 1400.0
240502 1400.0
241003 1407.0351758793968
241503 1400.0
242002 1407.0351758793968
242492 1392.8934010152284
243003 1406.8965517241381
243503 1407.0351758793968
244002 1435.1758793969848
244493 1400.0
245003 1372.5490196078429
245503 1407.0351758793968
246002 1400.0
246502 1407.0351758793968
246992 1400.0
247502 1406.8965517241381
248002 1400.0
248502 1407.0351758793968
249002 1400.0
249503 1400.0
250003 1407.0351758793968
250502 1407.0351758793968
251002 1407.0351758793968
251502 1400.0
252002 1407.0351758793968
252503 1386.1386138613861
253003 1400.0
253503 1407.0351758793968
254003 1407.0351758793968
254502 1400.0
255002 1407.0351758793968
255503 1400.0
256003 1400.0
256503 1407.0351758793968
257003 1400.0
257502 1407.0351758793968
258002 1407.0351758793968
258502 1400.0
259003 1378.894472361809
259502 1428.0
260002 1414.141414141414
260503 1400.0
261003 1400.0
261502 1400.0
262002 1407.0351758793968
262502 1407.0351758793968
263003 1400.0
263502 1414.141414141414
264003 1400.0
264502 1372.0
265002 1428.0
265502 1407.0351758793968
266002 1407.0351758793968
266503 1400.0
267003 1400.0
267503 1378.894472361809
268002 1400.0
268502 1414.141414141414
269002 1420.8955223880598
269502 1407.0351758793968
270003 1400.0
270502 1400.0
271002 1400.0
271502 1378.894472361809
272002 1435.1758793969848
272502 1372.0
273003 1435.1758793969848
273503 1407.0351758793968
274002 1378.894472361809
274502 1428.0
275002 1414.141414141414
275502 1372.0
276002 1428.0
276503 1400.0
277003 1407.0351758793968
277502 1400.0
278002 1407.0351758793968
278502 1372.0
279002 1414.141414141414
279503 1428.0
280003 1393.0348258706467
280492 1378.4615384615383
281002 1406.8965517241381
281503 1428.0
282003 1400.0
282502 1378.894472361809
282992 1435.8974358974356
283502 1372.5490196078429
284003 1435.1758793969848
284503 1378.894472361809
284992 1428.5714285714287
285492 1378.894472361809
286002 1427.4509803921567
286503 1372.0
287003 1435.1758793969848
287503 1400.0
288002 1407.0351758793968
288502 1372.0
289002 1407.0351758793968
289502 1407.0351758793968
290003 1420.8955223880598
290502 1414.141414141414
290993 1400.0
291503 1379.310344827586
292002 1393.0348258706467
292493 1407.179487179487
293002 1413.8613861386139
293502 1393.0348258706467
294002 1407.0351758793968
294502 1435.1758793969848
295003 1365.1741293532339
295502 1435.1758793969848
296003 1407.0351758793968
296502 1393.0348258706467
297002 1414.141414141414
297503 1372.0
298002 1407.0351758793968
298502 1400.0
299002 1407.0351758793968
299502 1435.1758793969848
300003 1372.0
300503 1393.0348258706467
301003 1414.141414141414
301503 1393.0348258706467
302002 1414.141414141414
302492 1428.5714285714287
303003 1372.5490196078429
303493 1407.179487179487
304002 1427.4509803921567
304502 1378.894472361809
305003 1400.0
305502 1400.0
306003 1428.0
306502 1378.894472361809
307002 1400.0
307503 1407.0351758793968
308002 1407.0351758793968
308502 1407.0351758793968
309002 1400.0
309503 1400.0
310002 1414.141414141414
310502 1428.0
311002 1372.0
311503 1400.0
312002 1414.141414141414
312503 1420.8955223880598
313003 1378.894472361809
313502 1400.0
314003 1400.0
314502 1414.141414141414
315002 1400.0
315503 1407.0351758793968
316002 1400.0
316502 1407.0351758793968
317002 1400.0
317502 1400.0
318002 1407.0351758793968
318502 1407.0351758793968
319003 1400.0
319502 1400.0
320003 1407.0351758793968
320503 1400.0
321002 1414.141414141414
321503 1393.0348258706467
322002 1400.0
322503 1407.0351758793968
322993 1400.0
323502 1413.8613861386139
324003 1393.0348258706467
324503 1407.0351758793968
325002 1407.0351758793968
325503 1400.0
325992 1414.4329896907216
326503 1393.170731707317
327003 1414.141414141414
327502 1372.0
328002 1428.0
328502 1400.0
329002 1414.141414141414
329502 1400.0
330002 1407.0351758793968
330503 1400.0
331003 1407.0351758793968
331503 1393.0348258706467
332002 1407.0351758793968
332502 1400.0
333002 1407.0351758793968
333502 1407.0351758793968
334003 1400.0
334503 1407.0351758793968
335003 1378.894472361809
335503 1428.0
336002 1400.0
336502 1385.858585858586
337002 1420.8955223880598
337502 1407.0351758793968
338002 1407.0351758793968
338503 1407.0351758793968
339003 1407.0351758793968
339502 1393.0348258706467
340002 1407.0351758793968
340502 1378.894472361809
341002 1414.141414141414
341502 1428.0
342003 1393.0348258706467
342503 1407.0351758793968
343003 1400.0
343502 1400.0
344002 1407.0351758793968
344502 1400.0
345003 1407.0351758793968
345503 1407.0351758793968
346003 1407.0351758793968
346502 1407.0351758793968
346992 1400.0
347502 1400.0
348003 1378.894472361809
348502 1435.1758793969848
349003 1407.0351758793968
349503 1372.0
350002 1435.1758793969848
350502 1400.0
351002 1378.894472361809
351503 1393.0348258706467
352003 1435.1758793969848
352502 1372.0
353002 1407.0351758793968
353502 1435.1758793969848
354003 1400.0
354502 1372.0
355003 1400.0
355502 1407.0351758793968
356003 1407.0351758793968
356503 1393.0348258706467
357002 1414.141414141414
357502 1400.0
358003 1428.0
358502 1414.141414141414
359002 1400.0
359502 1365.1741293532339
360002 1442.4242424242425
360503 1378.894472361809
361002 1428.0
361502 1400.0
362003 1372.0
362502 1400.0
363002 1407.0351758793968
363502 1428.0
364002 1407.0351758793968
364502 1372.0
365003 1407.0351758793968
365502 1407.0351758793968
366003 1400.0
366502 1435.1758793969848
367003 1372.0
367492 1400.0
368003 1406.8965517241381
368502 1407.0351758793968
369003 1400.0
369502 1407.0351758793968
370002 1400.0
370502 1407.0351758793968
371003 1400.0
371503 1400.0
372002 1414.141414141414
372503 1393.0348258706467
373002 1407.0351758793968
373503 1393.0348258706467
374002 1407.0351758793968
374502 1428.0
375002 1385.858585858586
375502 1393.0348258706467
376003 1435.1758793969848
376502 1378.894472361809
377003 1400.0
377502 1414.141414141414
378002 1393.0348258706467
378503 1407.0351758793968
379002 1428.0
379503 1378.894472361809
380003 1407.0351758793968
380502 1407.0351758793968
381002 1400.0
381503 1414.141414141414
382003 1400.0
382503 1400.0
383002 1407.0351758793968
383503 1407.0351758793968
384002 1393.0348258706467
384502 1407.0351758793968
385002 1400.0
385502 1407.0351758793968
386002 1378.894472361809
386503 1428.0
387003 1407.0351758793968
387503 1400.0
388002 1414.141414141414
388503 1400.0
389002 1400.0
389502 1407.0351758793968
390002 1414.141414141414
390503 1393.0348258706467
391002 1407.0351758793968
391503 1400.0
392003 1400.0
392503 1400.0
393002 1407.0351758793968
393493 1407.179487179487
393993 1407.0351758793968
394502 1393.170731707317
395002 1407.0351758793968
395503 1400.0
396002 1407.0351758793968
396493 1400.0
397002 1400.0
397502 1400.0
398003 1414.141414141414
398503 1393.0348258706467
399002 1414.141414141414
399502 1400.0
400003 1400.0
400502 1407.0351758793968
401002 1372.0
401503 1435.1758793969848
402002 1400.0
402503 1407.0351758793968
403003 1400.0
403502 1407.0351758793968
404002 1400.0
404502 1407.0351758793968
405002 1385.858585858586
405502 1393.0348258706467
406002 1400.0
406502 1435.1758793969848
407002 1378.894472361809
407502 1400.0
408003 1400.0
408503 1407.0351758793968
409002 1378.894472361809
409502 1393.0348258706467
410003 1407.0351758793968
410502 1378.894472361809
411003 1386.1386138613861
411502 1414.141414141414
412002 1400.0
412503 1407.0351758793968
413003 1428.0
413503 1378.894472361809
414002 1400.0
414502 1378.894472361809
415002 1435.1758793969848
415502 1400.0
416002 1414.141414141414
416502 1365.1741293532339
417002 1435.1758793969848
417502 1400.0
418003 1400.0
418502 1400.0
418992 1414.4329896907216
419502 1406.8965517241381
420002 1400.0
420502 1407.0351758793968
421003 1400.0
421503 1407.0351758793968
422002 1407.0351758793968
422502 1407.0351758793968
423003 1393.0348258706467
423503 1407.0351758793968
424002 1378.894472361809
424503 1407.0351758793968
425002 1428.0
425502 1407.0351758793968
426003 1372.0
426503 1435.1758793969848
427002 1393.0348258706467
427502 1407.0351758793968
428002 1378.894472361809
428503 1420.8955223880598
429002 1414.141414141414
429503 1400.0
430003 1400.0
430503 1378.894472361809
431002 1428.0
431503 1378.894472361809
432003 1400.0
432502 1428.0
433003 1414.141414141414
433503 1393.0348258706467
434003 1400.0
434502 1407.0351758793968
435003 1378.894472361809
435503 1428.0
436002 1372.0
436502 1435.1758793969848
437002 1372.0
437502 1435.1758793969848
438002 1407.0351758793968
438503 1400.0
439003 1400.0
439503 1400.0
440002 1407.0351758793968
440503 1378.894472361809
441002 1400.0
441502 1435.1758793969848
442002 1378.894472361809
442502 1407.0351758793968
443002 1420.8955223880598
443502 1378.894472361809
444003 1428.0
444503 1414.141414141414
445003 1400.0
445503 1400.0
446002 1400.0
446502 1407.0351758793968
447002 1400.0
447502 1372.0
448002 1407.0351758793968
448493 1392.8934010152284
449002 1434.4827586206895
449503 1407.0351758793968
450002 1400.0
450492 1407.179487179487
450992 1378.894472361809
451502 1400.0
452002 1407.0351758793968
452502 1428.0
453002 1372.0
453492 1435.8974358974356
454002 1379.310344827586
454503 1435.1758793969848
455002 1372.0
455502 1407.0351758793968
456003 1435.1758793969848
456503 1393.0348258706467
457002 1385.858585858586
457503 1420.8955223880598
458002 1414.141414141414
458502 1393.0348258706467
459002 1378.894472361809
459503 1407.0351758793968
460002 1407.0351758793968
460503 1428.0
461002 1372.0
461503 1400.0
462002 1407.0351758793968
462503 1407.0351758793968
463003 1393.0348258706467
463502 1421.3197969543146
464003 1400.0
464503 1428.0
465003 1407.0351758793968
465503 1378.894472361809
466002 1400.0
466503 1400.0
466992 1435.8974358974356
467502 1372.5490196078429
468003 1400.0
468502 1435.1758793969848
469002 1365.1741293532339
469503 1435.1758793969848
470003 1407.0351758793968
470502 1400.0
471002 1400.0
471502 1407.0351758793968
472002 1372.0
472503 1414.141414141414
473003 1400.0
473503 1428.0
474003 1378.894472361809
474502 1400.0
475003 1428.0
475502 1385.858585858586
475992 1392.8934010152284
476492 1407.0351758793968
477002 1406.8965517241381
477502 1407.0351758793968
478002 1407.0351758793968
478503 1400.0
479002 1400.0
479503 1407.0351758793968
480003 1400.0
480503 1407.0351758793968
481003 1400.0
481503 1400.0
482002 1435.1758793969848
482502 1378.894472361809
482993 1400.0
483492 1407.0351758793968
484003 1400.0
484503 1407.0351758793968
485002 1407.0351758793968
485492 1400.0
485992 1400.0
486492 1414.141414141414
487002 1400.0
487502 1407.0351758793968
488002 1407.0351758793968
488502 1400.0
489002 1400.0
489502 1414.141414141414
490002 1393.0348258706467
490503 1428.0
491003 1372.0
491503 1407.0351758793968
492002 1400.0
492503 1414.141414141414
493002 1400.0
493503 1400.0
494002 1407.0351758793968
494502 1400.0
495002 1407.0351758793968
495502 1400.0
496002 1414.141414141414
496502 1400.0
497002 1400.0
497502 1400.0
498002 1400.0
498502 1407.0351758793968
499002 1407.0351758793968
499502 1407.0351758793968
500003 1407.0351758793968
500503 1400.0
501003 1400.0
501503 1400.0
502003 1400.0
502503 1407.0351758793968
503002 1407.0351758793968
503502 1400.0
504002 1414.141414141414
504502 1400.0
505002 1400.0
505502 1407.0351758793968
506002 1407.0351758793968
506502 1400.0
507002 1400.0
507502 1414.141414141414
508003 1393.0348258706467
508503 1407.0351758793968
509002 1400.0
509502 1407.0351758793968
510002 1393.0348258706467
510502 1385.858585858586
511002 1428.0
511502 1400.0
512002 1372.0
512502 1400.0
513003 1442.4242424242425
513502 1400.0
514003 1400.0
514503 1407.0351758793968
515003 1407.0351758793968
515502 1413.8613861386139
516002 1392.8934010152284
516502 1372.0
517002 1435.1758793969848
517502 1372.0
518002 1400.0
518502 1407.0351758793968
519003 1400.0
519503 1428.0
520002 1407.0351758793968
520503 1393.0348258706467
521002 1407.0351758793968
521503 1407.0351758793968
522003 1372.0
522502 1407.0351758793968
523002 1428.0
523503 1407.0351758793968
524003 1400.0
524503 1378.894472361809
525003 1400.0
525502 1407.0351758793968
526003 1407.0351758793968
526503 1428.0
527002 1407.0351758793968
527503 1407.0351758793968
