0 254.54545454545453
502 1415.3846153846152
1003 1400.0
1502 1407.0351758793968
2002 1407.0351758793968
2502 1407.0351758793968
3003 895.9999999999999
3502 0.0
3992 0.0
4502 0.0
5002 1378.894472361809
5502 529.3532338308457
6002 0.0
6502 0.0
7003 0.0
7503 0.0
8002 168.84422110552762
8503 0.0
9003 0.0
9502 0.0
10002 225.1256281407035
10502 1365.1741293532339
11002 1385.858585858586
11502 1428.0
12002 1372.0
12502 1407.0351758793968
13003 1400.0
13502 1407.0351758793968
14002 1407.0351758793968
14502 1393.0348258706467
15002 1414.141414141414
15502 1407.0351758793968
16002 1400.0
16502 1407.0351758793968
17003 1400.0
17502 1400.0
18002 1372.0
18502 1407.0351758793968
19002 1400.0
19503 1400.0
20002 1400.0
20502 1407.0351758793968
21002 1407.0351758793968
21503 1393.0348258706467
22002 1414.141414141414
22503 1393.0348258706467
23002 1407.0351758793968
23503 1407.0351758793968
24003 1372.0
24502 1407.0351758793968
25002 1400.0
25503 1407.0351758793968
26002 1400.0
26502 1372.0
27003 1407.0351758793968
27502 1400.0
27992 1435.8974358974356
28503 1406.8965517241381
29002 1407.0351758793968
29502 1372.0
30002 1407.0351758793968
30502 1407.0351758793968
31002 1400.0
31502 1407.0351758793968
32002 1378.894472361809
32503 1420.8955223880598
33002 1407.0351758793968
33502 1365.1741293532339
34002 1449.746192893401
34502 1365.1741293532339
35003 1400.0
35502 1407.0351758793968
36002 1400.0
36502 1407.0351758793968
37003 1428.0
37502 1343.9999999999998
38002 1414.141414141414
38502 1428.0
39002 1372.0
39502 1407.0351758793968
40002 1393.0348258706467
40502 1385.858585858586
41002 1435.1758793969848
41502 1372.0
42002 1428.0
42502 1407.0351758793968
43003 1378.894472361809
43502 1407.0351758793968
44002 1407.0351758793968
44502 1400.0
45002 1400.0
45503 1400.0
46002 1407.0351758793968
46502 1407.0351758793968
47002 1372.0
47502 1393.0348258706467
48002 1407.0351758793968
48503 1442.4242424242425
49002 1372.0
49502 1407.0351758793968
50002 1393.0348258706467
50502 1407.0351758793968
51002 1407.0351758793968
51502 1393.0348258706467
52002 1421.3197969543146
52502 1400.0
53003 1400.0
53502 1378.894472361809
54002 1393.0348258706467
54502 1407.0351758793968
55003 1393.0348258706467
55503 1407.0351758793968
56002 1400.0
56502 1407.0351758793968
57003 1400.0
57502 1407.0351758793968
58002 1378.894472361809
58502 1428.0
59002 1407.0351758793968
59503 1372.0
60002 1428.0
60502 1372.0
61002 1407.0351758793968
61503 1400.0
62002 1407.0351758793968
62502 1400.0
63002 1393.0348258706467
63502 1407.0351758793968
64002 1407.0351758793968
64502 1400.0
65002 1407.0351758793968
65502 1407.0351758793968
66003 1400.0
66502 1407.0351758793968
67002 1372.0
67502 1407.0351758793968
68002 1400.0
68503 1407.0351758793968
69002 1378.894472361809
69502 1435.1758793969848
70002 1400.0
70503 1378.894472361809
71002 1393.0348258706467
71502 1407.0351758793968
72002 1407.0351758793968
72502 1400.0
73002 1400.0
73502 1400.0
74003 1372.0
74502 1407.0351758793968
75002 1428.0
75503 1378.894472361809
76002 1407.0351758793968
76503 1407.0351758793968
77002 1414.141414141414
77502 1400.0
78002 1400.0
78502 1372.0
79002 1407.0351758793968
79502 1435.1758793969848
80002 1365.1741293532339
80502 1428.0
81002 1372.0
81502 1407.0351758793968
82002 1407.0351758793968
82502 1407.0351758793968
83003 1400.0
83502 1407.0351758793968
84003 1407.0351758793968
84502 1372.0
85003 1400.0
85502 1400.0
86002 1400.0
86502 1414.141414141414
87002 1407.0351758793968
87492 1407.179487179487
88002 1400.0
88502 1400.0
89002 1407.0351758793968
89503 1365.1741293532339
90003 1428.0
90502 1414.141414141414
91002 1400.0
91502 1372.0
92002 1400.0
92502 1407.0351758793968
93003 1414.141414141414
93502 1400.0
94003 1400.0
94502 1400.0
95003 1407.0351758793968
95502 1407.0351758793968
96002 1365.1741293532339
96502 1428.0
97002 1407.0351758793968
97502 1372.0
97992 1407.179487179487
98502 1406.8965517241381
99002 1407.0351758793968
99492 1407.179487179487
100002 1400.0
100493 1392.8934010152284
101002 1406.8965517241381
101502 1407.0351758793968
101992 1400.0
102502 1393.170731707317
102992 1407.179487179487
103502 1372.5490196078429
103992 1407.179487179487
104502 1400.0
104992 1400.0
105502 1400.0
105992 1385.5670103092782
106502 1400.0
107003 1407.0351758793968
107502 1372.0
108002 1407.0351758793968
108502 1407.0351758793968
109002 1372.0
109503 1428.0
110002 1400.0
110502 1407.0351758793968
111002 1407.0351758793968
111502 1372.0
112002 1435.1758793969848
112502 1365.1741293532339
113002 1414.141414141414
113502 1407.0351758793968
114002 1400.0
114492 1400.0
115002 1406.8965517241381
115492 1371.4285714285713
116003 1427.4509803921567
116493 1378.4615384615383
117002 1400.0
117492 1407.179487179487
118002 1427.4509803921567
118492 1371.4285714285713
119002 1406.8965517241381
119492 1407.179487179487
120002 1406.8965517241381
120492 1392.8934010152284
121002 1406.8965517241381
121492 1378.4615384615383
122002 1400.0
122492 1407.179487179487
123002 1420.4878048780488
123492 1385.5670103092782
124002 1406.8965517241381
124492 1400.0
125002 1400.0
125492 1378.4615384615383
126002 1406.8965517241381
126492 1400.0
127002 1400.0
127492 1407.179487179487
128002 1406.8965517241381
128492 1392.8934010152284
129002 1386.1386138613861
129492 1414.141414141414
130002 1379.310344827586
130502 1400.0
131002 1407.0351758793968
131502 1400.0
132002 1400.0
132492 1400.0
133002 1379.310344827586
133502 1400.0
133992 1435.8974358974356
134502 1379.310344827586
135002 1393.0348258706467
135502 1407.0351758793968
135993 1378.4615384615383
136502 1434.4827586206895
136992 1371.4285714285713
137502 1400.0
138002 1407.0351758793968
138502 1400.0
138992 1407.179487179487
139492 1400.0
140002 1379.310344827586
140502 1407.0351758793968
141002 1428.0
141502 1400.0
142002 1385.858585858586
142502 1393.0348258706467
143002 1378.894472361809
143503 1428.0
144002 1407.0351758793968
144502 1400.0
145002 1372.0
145503 1400.0
146002 1435.1758793969848
146502 1372.0
147002 1400.0
147502 1407.0351758793968
148002 1407.0351758793968
148502 1386.1386138613861
149002 1385.858585858586
149502 1407.0351758793968
150002 1400.0
150502 1407.0351758793968
151002 1400.0
151502 1407.0351758793968
152003 1400.0
152502 1378.894472361809
153003 1393.0348258706467
153502 1407.0351758793968
154002 1407.0351758793968
154503 1393.0348258706467
155002 1378.894472361809
155502 1400.0
156002 1407.0351758793968
156502 1400.0
157002 1400.0
157502 1407.0351758793968
158002 1400.0
158502 1414.141414141414
159002 1400.0
159502 1407.0351758793968
160003 1372.0
160502 1400.0
161002 1400.0
161503 1407.0351758793968
162002 1407.0351758793968
162502 1400.0
163002 1400.0
163503 1407.0351758793968
163992 1378.4615384615383
164502 1427.4509803921567
164992 1378.4615384615383
165503 1386.4077669902913
165992 1414.4329896907216
166502 1400.0
166992 1400.0
167502 1379.310344827586
167992 1400.0
168502 1406.8965517241381
168992 1400.0
169502 1406.8965517241381
169992 1378.4615384615383
170502 1406.8965517241381
170992 1400.0
171502 1406.8965517241381
171992 1400.0
172502 1400.0
172992 1414.4329896907216
173492 1393.0348258706467
174002 1372.5490196078429
174502 1407.0351758793968
175002 1400.0
175503 1378.894472361809
176003 1400.0
176502 1435.1758793969848
177002 1365.1741293532339
177502 1378.894472361809
178002 1435.1758793969848
178502 1372.0
179002 1400.0
179502 1407.0351758793968
180003 1372.0
180503 1400.0
181002 1400.0
181502 1378.894472361809
182002 1400.0
182502 1407.0351758793968
183002 1400.0
183502 1393.0348258706467
184002 1414.141414141414
184502 1393.0348258706467
185002 1378.894472361809
185502 1407.0351758793968
186002 1393.0348258706467
186502 1407.0351758793968
187002 1372.0
187502 1378.894472361809
188003 1428.0
188502 1378.894472361809
189002 1407.0351758793968
189502 1400.0
190002 1372.0
190502 1400.0
191002 1407.0351758793968
191502 1400.0
192002 1407.0351758793968
192503 1393.0348258706467
193002 1378.894472361809
193502 1378.894472361809
194002 1428.0
194503 1372.0
195002 1407.0351758793968
195502 1400.0
196002 1400.0
196502 1407.0351758793968
197003 1400.0
197502 1400.0
198002 1385.858585858586
198502 1400.0
198992 1392.8934010152284
199492 1428.0
200002 1379.310344827586
200493 1407.179487179487
201002 1400.0
201502 1400.0
201992 1407.179487179487
202502 1393.170731707317
203002 1414.141414141414
203502 1400.0
204002 1400.0
204503 1378.894472361809
205002 1428.0
205502 1407.0351758793968
205992 1378.4615384615383
206502 1427.4509803921567
207002 1378.894472361809
207502 1407.0351758793968
208002 1400.0
208492 1378.4615384615383
209002 1400.0
209502 1400.0
210003 1372.0
210502 1414.141414141414
211002 1393.0348258706467
211502 1400.0
212003 1378.894472361809
212502 1400.0
213002 1378.894472361809
213502 1400.0
214002 1407.0351758793968
214502 1372.0
215002 1393.0348258706467
215502 1407.0351758793968
216002 1407.0351758793968
216502 1378.894472361809
217002 1400.0
217502 1400.0
218002 1365.1741293532339
218502 1407.0351758793968
219003 1378.894472361809
219502 1393.0348258706467
220002 1407.0351758793968
220502 1400.0
221003 1372.0
221502 1407.0351758793968
222002 1393.0348258706467
222502 1407.0351758793968
223002 1372.0
223503 1400.0
224002 1407.0351758793968
224502 1407.0351758793968
225002 1372.0
225502 1372.0
