0 311.1111111111111
501 849.438202247191
1011 0.0
1511 0.0
2011 0.0
2501 202.06185567010306
3011 0.0
3510 0.0
4011 562.8140703517588
4501 1378.4615384615383
5010 1434.4827586206895
5500 1400.0
6011 1400.0
6510 1414.141414141414
7011 1407.0351758793968
7500 1400.0
8010 1406.8965517241381
8510 1400.0
9010 1407.0351758793968
9510 1407.0351758793968
10011 1400.0
10511 1393.0348258706467
11011 1421.3197969543146
11510 1400.0
12010 1393.0348258706467
12510 1407.0351758793968
13011 1378.894472361809
13511 1343.9999999999998
14001 0.0
14511 0.0
15011 0.0
15511 989.8989898989898
16011 1407.0351758793968
16511 1365.1741293532339
17001 947.6923076923077
17511 0.0
18001 0.0
18510 0.0
19010 0.0
19510 167.99999999999997
20011 0.0
20501 0.0
21010 0.0
21510 0.0
22011 1036.0
22510 1400.0
23010 1385.858585858586
23510 1393.0348258706467
24011 1407.0351758793968
24511 1378.894472361809
25011 1435.1758793969848
25511 1378.894472361809
26011 1428.0
26511 1372.0
27010 1407.0351758793968
27510 1407.0351758793968
28010 1428.0
28511 1372.0
29001 1400.0
29510 1413.8613861386139
30010 1435.1758793969848
30511 1372.0
31010 1407.0351758793968
31510 1400.0
32010 1428.0
32511 1372.0
33011 1428.0
33510 1385.858585858586
34010 1400.0
34511 1400.0
35001 1407.179487179487
35500 1400.0
36010 1406.8965517241381
36511 1400.0
37011 1414.141414141414
37511 1420.8955223880598
38010 1385.858585858586
38510 1400.0
39011 1400.0
39510 1428.0
40010 1372.0
40511 1407.0351758793968
41010 1393.0348258706467
41510 1407.0351758793968
42010 1407.0351758793968
42510 1428.0
43010 1378.894472361809
43510 1400.0
44011 1400.0
44511 1407.0351758793968
45000 1400.0
45511 1400.0
46010 1414.141414141414
46510 1393.0348258706467
47011 1407.0351758793968
47510 1378.894472361809
48011 1435.1758793969848
48501 1400.0
49000 1407.0351758793968
49510 1400.0
50010 1400.0
50511 1407.0351758793968
51011 1407.0351758793968
51510 1407.0351758793968
52010 1407.0351758793968
52501 1407.179487179487
53011 1393.170731707317
53501 1407.179487179487
54010 1400.0
54500 1400.0
55010 1386.1386138613861
55511 1428.0
56010 1407.0351758793968
56510 1400.0
57011 1400.0
57501 1371.4285714285713
58010 1434.4827586206895
58510 1414.141414141414
59011 1400.0
59511 1407.0351758793968
60010 1407.0351758793968
60510 1414.141414141414
61011 1407.0351758793968
61500 1371.4285714285713
62010 1427.4509803921567
62510 1400.0
63010 1407.0351758793968
63510 1378.894472361809
64010 1435.1758793969848
64510 1400.0
65010 1372.0
65511 1428.0
66011 1407.0351758793968
66501 1400.0
67011 1413.8613861386139
67511 1393.0348258706467
68011 1378.894472361809
68510 1435.1758793969848
69010 1400.0
69511 1372.0
70011 1428.0
70510 1385.858585858586
71011 1435.1758793969848
71501 1407.179487179487
72010 1400.0
72511 1400.0
73011 1378.894472361809
73511 1428.0
74011 1407.0351758793968
74510 1378.894472361809
75010 1428.0
75511 1400.0
76011 1378.894472361809
76511 1435.1758793969848
77010 1400.0
77510 1378.894472361809
78011 1393.0348258706467
78511 1435.1758793969848
79010 1407.0351758793968
79511 1407.0351758793968
80010 1378.894472361809
80510 1428.0
81010 1372.0
81511 1435.1758793969848
82010 1407.0351758793968
82510 1400.0
83000 1400.0
83511 1379.310344827586
84001 1400.0
84511 1406.8965517241381
85001 1435.8974358974356
85500 1378.894472361809
86000 1400.0
86510 1441.5841584158416
87001 1392.8934010152284
87511 1379.310344827586
88000 1400.0
88511 1406.8965517241381
89001 1392.8934010152284
89510 1420.8955223880598
90001 1421.3197969543146
90491 1364.467005076142
91010 1406.7632850241546
91510 1407.0351758793968
92011 1420.8955223880598
92510 1385.858585858586
93010 1400.0
93510 1407.0351758793968
94001 1400.0
94510 1434.4827586206895
95000 1378.4615384615383
95510 1400.0
96000 1407.179487179487
96511 1427.4509803921567
97000 1400.0
97510 1406.8965517241381
98000 1407.179487179487
98511 1372.5490196078429
99000 1407.179487179487
99510 1400.0
100000 1400.0
100510 1434.4827586206895
101000 1378.4615384615383
101511 1420.4878048780488
102001 1407.179487179487
102510 1379.310344827586
103000 1407.179487179487
103511 1400.0
104001 1407.179487179487
104510 1400.0
105001 1392.8934010152284
105500 1414.141414141414
106001 1428.0
106500 1414.141414141414
107011 1359.2233009708737
107510 1414.141414141414
108010 1400.0
108500 1407.179487179487
109010 1400.0
109500 1400.0
110011 1413.8613861386139
110501 1400.0
111010 1406.8965517241381
111501 1400.0
112010 1406.8965517241381
112500 1400.0
113011 1406.8965517241381
113501 1400.0
114010 1400.0
114500 1407.179487179487
115011 1400.0
115501 1407.179487179487
116010 1400.0
116500 1400.0
117011 1400.0
117500 1407.179487179487
118010 1406.8965517241381
118501 1392.8934010152284
119011 1406.8965517241381
119500 1400.0
120011 1406.8965517241381
120501 1400.0
121010 1400.0
121501 1407.179487179487
122010 1400.0
122500 1407.179487179487
123010 1372.5490196078429
123500 1428.5714285714287
124010 1406.8965517241381
124500 1414.4329896907216
125011 1400.0
125500 1378.4615384615383
126001 1428.0
126501 1400.0
127001 1407.0351758793968
127500 1407.0351758793968
128011 1400.0
128510 1400.0
129000 1407.179487179487
129500 1400.0
130011 1400.0
130510 1414.141414141414
131010 1407.0351758793968
131500 1392.8934010152284
132010 1406.8965517241381
132500 1371.4285714285713
133010 1413.8613861386139
133511 1428.0
134010 1407.0351758793968
134511 1400.0
135000 1400.0
135511 1400.0
136010 1400.0
136511 1400.0
137010 1400.0
137510 1385.858585858586
138010 1428.0
138510 1393.0348258706467
139010 1378.894472361809
139511 1435.1758793969848
140010 1372.0
140511 1448.7562189054727
141011 1364.467005076142
141510 1400.0
142010 1435.1758793969848
142510 1372.0
143001 1428.5714285714287
143510 1379.310344827586
144011 1428.0
144510 1407.0351758793968
145010 1378.894472361809
145511 1400.0
146010 1442.4242424242425
146510 1372.0
147000 1407.179487179487
147510 1434.4827586206895
148000 1392.8934010152284
148501 1378.894472361809
149001 1435.1758793969848
149491 1400.0
149990 1378.894472361809
150501 1400.0
151001 1407.0351758793968
151501 1435.1758793969848
152001 1372.0
152500 1414.141414141414
153001 1393.0348258706467
153501 1400.0
154001 1428.0
154501 1378.894472361809
155001 1407.0351758793968
155501 1428.0
156001 1372.0
156501 1435.1758793969848
157000 1372.0
157500 1442.4242424242425
158000 1372.0
158501 1400.0
159001 1407.0351758793968
159501 1400.0
160001 1435.1758793969848
160501 1407.0351758793968
161000 1378.894472361809
161501 1428.0
162011 1372.5490196078429
162510 1435.1758793969848
163000 1371.4285714285713
163500 1400.0
164001 1428.0
164501 1372.0
165001 1414.141414141414
165500 1400.0
166000 1407.0351758793968
166500 1428.0
167001 1372.0
167500 1435.1758793969848
168001 1407.0351758793968
168501 1400.0
169001 1372.0
169501 1407.0351758793968
170000 1400.0
170500 1407.0351758793968
171000 1407.0351758793968
171500 1393.0348258706467
172000 1407.0351758793968
172510 1406.8965517241381
173001 1400.0
173500 1414.141414141414
174001 1420.8955223880598
174501 1385.858585858586
175010 1400.0
175511 1407.0351758793968
176010 1407.0351758793968
176510 1407.0351758793968
177010 1400.0
177510 1414.141414141414
178011 1400.0
178510 1372.0
179010 1428.0
179511 1407.0351758793968
180010 1400.0
180511 1407.0351758793968
181010 1400.0
181510 1414.141414141414
182011 1386.1386138613861
182510 1407.0351758793968
183000 1414.4329896907216
183510 1400.0
184011 1407.0351758793968
184510 1400.0
185011 1400.0
185510 1407.0351758793968
186000 1400.0
186510 1406.8965517241381
187011 1400.0
187510 1378.894472361809
188010 1435.1758793969848
188510 1407.0351758793968
189010 1372.0
189511 1435.1758793969848
190000 1400.0
190501 1407.0351758793968
191010 1406.8965517241381
191511 1400.0
192010 1372.0
192510 1442.4242424242425
193010 1372.0
193511 1435.1758793969848
194011 1400.0
194510 1378.894472361809
195010 1414.141414141414
195510 1428.0
196010 1385.858585858586
196510 1400.0
197010 1428.0
197510 1385.858585858586
198011 1428.0
198510 1400.0
199011 1400.0
199510 1407.0351758793968
200010 1400.0
200500 1407.179487179487
201010 1379.310344827586
201501 1435.8974358974356
202010 1365.8536585365853
202511 1435.1758793969848
203011 1378.894472361809
203510 1428.0
204010 1378.894472361809
204510 1400.0
205011 1400.0
205510 1414.141414141414
206010 1400.0
206510 1407.0351758793968
207010 1435.1758793969848
207511 1393.0348258706467
208010 1400.0
208511 1428.0
209011 1385.858585858586
209510 1378.894472361809
210010 1400.0
210511 1393.0348258706467
211010 1442.4242424242425
211511 1400.0
212011 1372.0
212511 1400.0
213011 1435.1758793969848
213510 1407.0351758793968
214010 1400.0
214510 1400.0
215010 1378.894472361809
215510 1407.0351758793968
216010 1407.0351758793968
216510 1428.0
217011 1372.0
217510 1442.4242424242425
218010 1365.1741293532339
218510 1407.0351758793968
219011 1428.0
219510 1372.0
220010 1435.1758793969848
220511 1378.894472361809
221010 1400.0
221500 1407.179487179487
222010 1434.4827586206895
222500 1400.0
223011 1406.8965517241381
223500 1371.4285714285713
224010 1406.8965517241381
224511 1400.0
225001 1400.0
225501 1407.0351758793968
226010 1427.4509803921567
226511 1407.0351758793968
227010 1372.0
227510 1407.0351758793968
228010 1400.0
228510 1428.0
229011 1414.141414141414
229510 1378.894472361809
230011 1400.0
230511 1393.0348258706467
231000 1414.4329896907216
231500 1400.0
232010 1406.8965517241381
232500 1428.5714285714287
233010 1386.1386138613861
233511 1400.0
234010 1407.0351758793968
234511 1400.0
235011 1400.0
235510 1407.0351758793968
236011 1400.0
236510 1400.0
237000 1407.179487179487
237511 1441.5841584158416
238010 1393.0348258706467
238510 1385.858585858586
239010 1400.0
239510 1400.0
240011 1414.141414141414
240510 1420.8955223880598
241010 1372.0
241511 1407.0351758793968
242010 1420.8955223880598
242510 1414.141414141414
243011 1365.1741293532339
243510 1414.141414141414
244000 1407.179487179487
244511 1400.0
245010 1407.0351758793968
245510 1400.0
246011 1400.0
246510 1407.0351758793968
247010 1400.0
247511 1414.141414141414
248011 1400.0
248510 1400.0
249000 1407.179487179487
249510 1400.0
250011 1400.0
250510 1407.0351758793968
251011 1407.0351758793968
251511 1393.0348258706467
252010 1378.894472361809
252510 1442.4242424242425
253011 1372.0
253510 1393.0348258706467
254011 1442.4242424242425
254510 1407.0351758793968
255011 1393.0348258706467
255511 1400.0
256010 1407.0351758793968
256500 1407.179487179487
257000 1400.0
257510 1406.8965517241381
258010 1400.0
258511 1400.0
259010 1407.0351758793968
259510 1407.0351758793968
260010 1407.0351758793968
260511 1400.0
261010 1407.0351758793968
261510 1400.0
262010 1414.141414141414
262510 1400.0
263010 1407.0351758793968
263510 1393.0348258706467
264011 1414.141414141414
264510 1378.894472361809
265011 1420.8955223880598
265510 1385.858585858586
266010 1400.0
266510 1428.0
267011 1407.0351758793968
267510 1407.0351758793968
268010 1400.0
268511 1400.0
269010 1400.0
269511 1378.894472361809
270010 1435.1758793969848
270511 1393.0348258706467
271010 1407.0351758793968
271511 1400.0
272010 1400.0
272511 1414.141414141414
273000 1400.0
273510 1400.0
274011 1400.0
274511 1407.0351758793968
275010 1400.0
275511 1372.0
276011 1435.1758793969848
276510 1435.1758793969848
277010 1343.9999999999998
277511 1407.0351758793968
278011 1435.1758793969848
278510 1372.0
279010 1435.1758793969848
279511 1400.0
280010 1378.894472361809
280510 1428.0
281010 1407.0351758793968
281510 1372.0
282010 1435.1758793969848
282510 1378.894472361809
283010 1407.0351758793968
283511 1393.0348258706467
284010 1414.141414141414
284510 1400.0
285011 1420.8955223880598
285511 1385.858585858586
286010 1428.0
286511 1372.0
287011 1407.0351758793968
287510 1414.141414141414
288010 1407.0351758793968
288510 1400.0
289011 1400.0
289510 1400.0
290011 1400.0
290511 1407.0351758793968
291010 1407.0351758793968
291511 1407.0351758793968
292010 1400.0
292510 1407.0351758793968
293010 1400.0
293511 1435.1758793969848
294010 1372.0
294510 1407.0351758793968
295011 1400.0
295510 1407.0351758793968
296011 1393.0348258706467
296510 1428.0
297010 1378.894472361809
297511 1400.0
298010 1407.0351758793968
298511 1428.0
299010 1385.858585858586
299510 1400.0
300010 1400.0
300510 1407.0351758793968
301011 1407.0351758793968
301510 1428.0
302011 1372.0
302510 1400.0
303011 1407.0351758793968
303510 1428.0
304011 1407.0351758793968
304510 1378.894472361809
305011 1407.0351758793968
305510 1400.0
306010 1407.0351758793968
306510 1407.0351758793968
307011 1428.0
307510 1378.894472361809
308011 1435.1758793969848
308510 1372.0
309011 1428.0
309510 1414.141414141414
310011 1365.1741293532339
310510 1407.0351758793968
311010 1400.0
311500 1414.4329896907216
312011 1393.170731707317
312501 1407.179487179487
313010 1406.8965517241381
313500 1400.0
314011 1400.0
314500 1400.0
315000 1414.141414141414
315510 1393.170731707317
316011 1407.0351758793968
316510 1400.0
317011 1393.0348258706467
317510 1407.0351758793968
318011 1407.0351758793968
318501 1400.0
319010 1372.5490196078429
319510 1435.1758793969848
320010 1372.0
320511 1442.4242424242425
321010 1393.0348258706467
321511 1400.0
322010 1414.141414141414
322510 1400.0
323010 1400.0
323510 1407.0351758793968
324010 1407.0351758793968
324510 1393.0348258706467
325011 1414.141414141414
325500 1400.0
326000 1400.0
326511 1372.5490196078429
327010 1435.1758793969848
327511 1407.0351758793968
328011 1400.0
328510 1400.0
329011 1407.0351758793968
329511 1400.0
330010 1407.0351758793968
330511 1393.0348258706467
331010 1407.0351758793968
331510 1414.141414141414
332010 1400.0
332511 1400.0
333010 1378.894472361809
333511 1428.0
334010 1400.0
334510 1378.894472361809
335010 1435.1758793969848
335510 1400.0
336011 1400.0
336510 1407.0351758793968
337010 1400.0
337511 1407.0351758793968
338010 1400.0
338511 1372.0
339010 1442.4242424242425
339510 1393.0348258706467
340011 1407.0351758793968
340510 1400.0
341010 1378.894472361809
341511 1428.0
342011 1407.0351758793968
342510 1400.0
343010 1407.0351758793968
343511 1372.0
344010 1414.141414141414
344511 1393.0348258706467
345010 1442.4242424242425
345510 1372.0
346010 1407.0351758793968
346510 1407.0351758793968
347010 1428.0
347511 1372.0
348010 1407.0351758793968
348511 1435.1758793969848
349001 1378.4615384615383
349510 1400.0
350010 1407.0351758793968
350511 1400.0
351010 1435.1758793969848
351510 1400.0
352010 1372.0
352511 1407.0351758793968
353010 1400.0
353510 1435.1758793969848
354010 1400.0
354500 1385.5670103092782
355000 1393.0348258706467
355510 1434.4827586206895
356011 1378.894472361809
356510 1400.0
357010 1435.1758793969848
357511 1372.0
358011 1407.0351758793968
358510 1407.0351758793968
359011 1400.0
359510 1407.0351758793968
360010 1420.8955223880598
360510 1385.858585858586
361010 1400.0
361510 1428.0
362011 1400.0
362510 1378.894472361809
363000 1400.0
363510 1406.8965517241381
364010 1428.0
364510 1378.894472361809
365011 1435.1758793969848
365510 1400.0
366011 1407.0351758793968
366510 1400.0
367010 1378.894472361809
367510 1400.0
368010 1428.0
368510 1372.0
369010 1407.0351758793968
369510 1435.1758793969848
370011 1372.0
370510 1414.141414141414
371010 1400.0
371510 1435.1758793969848
372010 1372.0
372511 1400.0
373010 1400.0
373510 1407.0351758793968
374010 1407.0351758793968
374511 1428.0
375010 1407.0351758793968
375511 1365.1741293532339
376010 1407.0351758793968
376510 1407.0351758793968
377010 1442.4242424242425
377510 1393.0348258706467
378011 1378.894472361809
378510 1400.0
379001 1428.5714285714287
379511 1386.1386138613861
380010 1407.0351758793968
380511 1435.1758793969848
381010 1378.894472361809
381511 1400.0
382010 1400.0
382511 1407.0351758793968
383010 1407.0351758793968
383511 1407.0351758793968
384011 1400.0
384510 1400.0
385010 1407.0351758793968
385510 1407.0351758793968
386011 1400.0
386510 1400.0
387000 1407.179487179487
387511 1406.8965517241381
388001 1400.0
388510 1400.0
389010 1407.0351758793968
389511 1428.0
390010 1378.894472361809
390510 1400.0
391010 1407.0351758793968
391511 1407.0351758793968
392010 1393.0348258706467
392510 1414.141414141414
393011 1393.0348258706467
393510 1407.0351758793968
394011 1407.0351758793968
394510 1393.0348258706467
395010 1400.0
395510 1407.0351758793968
396011 1393.0348258706467
396510 1407.0351758793968
397010 1400.0
397511 1407.0351758793968
398010 1407.0351758793968
398511 1400.0
399010 1407.0351758793968
399510 1400.0
400011 1400.0
400510 1414.141414141414
401010 1400.0
401510 1407.0351758793968
402011 1393.0348258706467
402510 1378.894472361809
403010 1435.1758793969848
403511 1400.0
404010 1407.0351758793968
404510 1400.0
405010 1414.141414141414
405511 1393.0348258706467
406010 1407.0351758793968
406511 1378.894472361809
407011 1435.1758793969848
407500 1400.0
408011 1400.0
408510 1378.894472361809
409011 1428.0
409511 1378.894472361809
410010 1428.0
410510 1400.0
411011 1407.0351758793968
411511 1400.0
412010 1378.894472361809
412511 1400.0
413010 1435.1758793969848
413510 1378.894472361809
414001 1428.5714285714287
414510 1379.310344827586
415010 1400.0
415511 1435.1758793969848
416010 1372.0
416511 1428.0
417010 1407.0351758793968
417510 1378.894472361809
418010 1400.0
418510 1435.1758793969848
419011 1372.0
419510 1407.0351758793968
420011 1393.0348258706467
420510 1435.1758793969848
421000 1378.4615384615383
421511 1406.8965517241381
422010 1393.0348258706467
422510 1442.4242424242425
423011 1407.0351758793968
423510 1400.0
424011 1365.1741293532339
424510 1407.0351758793968
425010 1435.1758793969848
425511 1400.0
426010 1407.0351758793968
426510 1400.0
427010 1378.894472361809
427511 1428.0
428010 1407.0351758793968
428511 1378.894472361809
429010 1400.0
429511 1435.1758793969848
430011 1407.0351758793968
430510 1400.0
431000 1400.0
431510 1386.1386138613861
432000 1400.0
432511 1434.4827586206895
433010 1378.894472361809
433510 1400.0
434010 1428.0
434510 1378.894472361809
435010 1407.0351758793968
435510 1407.0351758793968
436010 1393.0348258706467
436511 1407.0351758793968
437010 1407.0351758793968
437510 1428.0
438010 1378.894472361809
438510 1400.0
439010 1414.141414141414
439511 1393.0348258706467
440010 1435.1758793969848
440510 1407.0351758793968
441010 1372.0
441511 1393.0348258706467
442010 1442.4242424242425
442510 1372.0
443010 1435.1758793969848
443511 1378.894472361809
444010 1407.0351758793968
444511 1400.0
445010 1400.0
445511 1407.0351758793968
446010 1400.0
446510 1414.141414141414
447011 1420.8955223880598
447510 1385.858585858586
448010 1400.0
448511 1407.0351758793968
449010 1393.0348258706467
449500 1407.179487179487
450000 1400.0
450501 1407.0351758793968
451011 1406.8965517241381
451510 1407.0351758793968
452011 1407.0351758793968
452510 1400.0
453010 1400.0
453511 1435.1758793969848
454010 1378.894472361809
454511 1400.0
455010 1407.0351758793968
455510 1400.0
456010 1400.0
456510 1407.0351758793968
457011 1407.0351758793968
457511 1400.0
458010 1400.0
458511 1407.0351758793968
459010 1407.0351758793968
459510 1393.0348258706467
460010 1407.0351758793968
460511 1407.0351758793968
461010 1400.0
461510 1407.0351758793968
462010 1400.0
462511 1400.0
463010 1407.0351758793968
463510 1400.0
464011 1400.0
464510 1407.0351758793968
465001 1400.0
465511 1406.8965517241381
466011 1393.0348258706467
466510 1414.141414141414
467010 1407.0351758793968
467511 1407.0351758793968
468010 1400.0
468511 1407.0351758793968
469010 1372.0
469511 1428.0
470011 1407.0351758793968
470510 1407.0351758793968
471010 1400.0
471510 1400.0
472011 1407.0351758793968
472510 1400.0
473010 1407.0351758793968
473511 1393.0348258706467
474010 1378.894472361809
474511 1407.0351758793968
475010 1400.0
475511 1428.0
476010 1378.894472361809
476511 1393.0348258706467
477010 1435.1758793969848
477510 1372.0
478011 1435.1758793969848
478510 1400.0
479010 1378.894472361809
479510 1435.1758793969848
480011 1400.0
480511 1400.0
481010 1435.1758793969848
481510 1385.858585858586
482011 1400.0
482510 1400.0
483000 1378.4615384615383
483510 1427.4509803921567
484010 1407.0351758793968
484510 1372.0
485010 1407.0351758793968
485510 1400.0
486010 1400.0
486510 1407.0351758793968
487011 1435.1758793969848
487511 1400.0
488010 1407.0351758793968
488500 1371.4285714285713
489010 1406.8965517241381
489510 1407.0351758793968
490011 1428.0
490500 1385.5670103092782
491010 1400.0
491510 1428.0
492001 1378.4615384615383
492510 1400.0
493010 1435.1758793969848
493500 1371.4285714285713
494010 1434.4827586206895
494510 1385.858585858586
495010 1428.0
495510 1393.0348258706467
496011 1378.894472361809
496510 1435.1758793969848
497011 1372.0
497510 1435.1758793969848
498010 1372.0
498511 1428.0
499010 1378.894472361809
499510 1428.0
500010 1407.0351758793968
500511 1372.0
501001 1400.0
501501 1442.4242424242425
502000 1407.0351758793968
502511 1372.5490196078429
503010 1407.0351758793968
503510 1400.0
504011 1393.0348258706467
504510 1435.1758793969848
505010 1400.0
505511 1378.894472361809
506010 1435.1758793969848
506510 1372.0
507011 1400.0
507511 1407.0351758793968
508010 1393.0348258706467
508511 1435.1758793969848
509010 1372.0
509510 1400.0
510011 1435.1758793969848
510510 1378.894472361809
511000 1392.8934010152284
511510 1406.8965517241381
512010 1407.0351758793968
512500 1400.0
513000 1407.0351758793968
513511 1400.0
514010 1400.0
514501 1407.179487179487
515010 1413.8613861386139
515510 1400.0
516010 1400.0
516501 1400.0
517000 1414.141414141414
517500 1393.0348258706467
518011 1413.8613861386139
518510 1400.0
519001 1400.0
519510 1406.8965517241381
520010 1407.0351758793968
520511 1400.0
521011 1400.0
521510 1407.0351758793968
522000 1400.0
522500 1400.0
523000 1407.0351758793968
523511 1400.0
524000 1400.0
524510 1406.8965517241381
525011 1407.0351758793968
525510 1407.0351758793968
526011 1400.0
526510 1407.0351758793968
527010 1378.894472361809
527510 1428.0
528010 1407.0351758793968
528510 1393.0348258706467
529011 1407.0351758793968
529501 1364.467005076142
530010 1441.5841584158416
530511 1393.0348258706467
531011 1400.0
531500 1414.4329896907216
532011 1400.0
532510 1407.0351758793968
533011 1407.0351758793968
533510 1358.4158415841582
534011 1435.1758793969848
534510 1400.0
535010 1372.0
535511 1435.1758793969848
536010 1407.0351758793968
536511 1400.0
537010 1400.0
537510 1414.141414141414
538010 1372.0
538511 1420.8955223880598
539010 1385.858585858586
539511 1435.1758793969848
540010 1393.0348258706467
540501 1407.179487179487
541010 1406.8965517241381
541510 1407.0351758793968
542011 1378.894472361809
542510 1435.1758793969848
543011 1393.0348258706467
543510 1378.894472361809
544011 1435.1758793969848
544510 1378.894472361809
545001 1421.3197969543146
545511 1379.310344827586
546010 1435.1758793969848
546510 1372.0
547011 1428.0
547500 1414.4329896907216
548000 1407.0351758793968
548501 1372.0
549000 1435.1758793969848
549511 1413.5922330097087
550010 1357.5757575757575
550501 1428.5714285714287
551010 1372.5490196078429
551510 1407.0351758793968
552011 1435.1758793969848
552510 1378.894472361809
553000 1400.0
553501 1400.0
554011 1406.8965517241381
554510 1407.0351758793968
555010 1400.0
555500 1407.179487179487
556010 1427.4509803921567
556510 1378.894472361809
557011 1428.0
557510 1372.0
558000 1435.8974358974356
558511 1379.310344827586
559010 1400.0
559510 1400.0
560000 1435.8974358974356
560500 1407.0351758793968
561011 1400.0
561500 1371.4285714285713
562001 1428.0
562511 1406.8965517241381
563001 1407.179487179487
563500 1372.0
564001 1407.0351758793968
564500 1400.0
565011 1427.4509803921567
565501 1407.179487179487
566000 1372.0
566510 1448.7562189054727
567010 1393.0348258706467
567510 1400.0
568010 1378.894472361809
568501 1407.179487179487
569011 1400.0
569510 1400.0
570010 1407.0351758793968
570511 1428.0
571010 1407.0351758793968
571510 1372.0
572011 1435.1758793969848
572510 1372.0
573010 1407.0351758793968
573510 1407.0351758793968
574000 1400.0
574510 1406.8965517241381
575001 1392.8934010152284
575501 1414.141414141414
576010 1406.8965517241381
576510 1428.0
577011 1372.0
577500 1435.8974358974356
578010 1379.310344827586
578510 1400.0
579010 1428.0
579501 1400.0
580010 1379.310344827586
580510 1400.0
581011 1400.0
581501 1407.179487179487
582000 1407.0351758793968
582511 1406.8965517241381
583001 1407.179487179487
583510 1406.8965517241381
584000 1407.179487179487
584511 1400.0
585001 1400.0
585510 1413.8613861386139
586001 1392.8934010152284
586501 1400.0
587010 1400.0
587510 1378.894472361809
588011 1378.894472361809
588510 1428.0
589010 1372.0
589511 1407.0351758793968
590000 1435.8974358974356
590510 1372.5490196078429
591001 1400.0
591510 1372.5490196078429
592010 1435.1758793969848
592510 1365.1741293532339
593010 1407.0351758793968
593510 1407.0351758793968
594010 1385.858585858586
594510 1428.0
595011 1400.0
595510 1378.894472361809
596011 1400.0
596501 1400.0
597010 1406.8965517241381
597510 1407.0351758793968
598011 1407.0351758793968
598500 1371.4285714285713
599000 1428.0
599500 1378.894472361809
600000 1407.0351758793968
600510 1400.0
601011 1435.1758793969848
601510 1372.0
602010 1400.0
602510 1400.0
603010 1407.0351758793968
603510 1407.0351758793968
604010 1378.894472361809
604510 1428.0
605010 1378.894472361809
605511 1400.0
606010 1400.0
606510 1407.0351758793968
607010 1407.0351758793968
607511 1393.0348258706467
608010 1400.0
608511 1407.0351758793968
609010 1407.0351758793968
609511 1407.0351758793968
610010 1407.0351758793968
610510 1400.0
611010 1407.0351758793968
611510 1400.0
612011 1407.0351758793968
612500 1371.4285714285713
613011 1393.170731707317
613510 1414.141414141414
614011 1414.141414141414
614510 1407.0351758793968
615010 1393.0348258706467
615501 1400.0
616010 1413.8613861386139
616511 1372.0
617010 1428.0
617511 1400.0
618011 1400.0
618510 1407.0351758793968
619010 1378.894472361809
619510 1428.0
620011 1372.0
620510 1407.0351758793968
621010 1400.0
621511 1400.0
622010 1414.141414141414
622511 1365.1741293532339
623010 1407.0351758793968
623511 1407.0351758793968
624010 1435.1758793969848
624511 1372.0
625010 1407.0351758793968
625511 1400.0
626010 1407.0351758793968
626511 1393.0348258706467
627001 1378.4615384615383
627510 1434.4827586206895
628010 1372.0
628510 1407.0351758793968
629010 1407.0351758793968
629510 1407.0351758793968
630010 1378.894472361809
630510 1393.0348258706467
631011 1428.0
631510 1407.0351758793968
632011 1407.0351758793968
632510 1372.0
633011 1428.0
633510 1378.894472361809
634011 1400.0
634510 1414.141414141414
635010 1400.0
635511 1393.0348258706467
636010 1378.894472361809
636511 1428.0
637010 1407.0351758793968
637510 1372.0
638010 1435.1758793969848
638511 1365.1741293532339
639010 1414.141414141414
639510 1420.8955223880598
640011 1400.0
640510 1372.0
641011 1400.0
641510 1407.0351758793968
642011 1407.0351758793968
642510 1372.0
643011 1428.0
643510 1407.0351758793968
644010 1407.0351758793968
644510 1400.0
645010 1372.0
645511 1414.141414141414
646010 1435.1758793969848
646511 1372.0
647000 1400.0
647511 1400.0
648011 1400.0
648510 1378.894472361809
649011 1372.0
649510 1414.141414141414
650011 1365.1741293532339
650510 1407.0351758793968
651010 1393.0348258706467
651511 1407.0351758793968
652010 1400.0
652511 1378.894472361809
653010 1393.0348258706467
653510 1414.141414141414
654010 1372.0
654501 1435.8974358974356
655011 1400.0
655501 1400.0
656001 1407.0351758793968
656510 1406.8965517241381
657010 1400.0
657501 1400.0
658010 1400.0
658510 1414.141414141414
659010 1393.0348258706467
659500 1400.0
660011 1372.5490196078429
660510 1435.1758793969848
661011 1400.0
661510 1385.858585858586
662011 1400.0
662510 1428.0
663010 1407.0351758793968
663511 1372.0
664010 1435.1758793969848
664511 1400.0
665010 1372.0
665511 1442.4242424242425
666010 1400.0
666510 1378.894472361809
667010 1428.0
667510 1378.894472361809
668001 1421.3197969543146
668510 1413.8613861386139
669011 1400.0
669501 1407.179487179487
670010 1406.8965517241381
670511 1400.0
671010 1378.894472361809
671511 1407.0351758793968
672010 1400.0
672511 1428.0
673000 1407.179487179487
673514 1393.170731707317
674000 1407.179487179487
674510 1379.310344827586
675011 1428.0
675510 1400.0
676011 1378.894472361809
676510 1435.1758793969848
677011 1400.0
677510 1407.0351758793968
678011 1400.0
678510 1378.894472361809
679010 1435.1758793969848
679510 1365.1741293532339
680010 1414.141414141414
680511 1400.0
681010 1407.0351758793968
681510 1393.0348258706467
682010 1414.141414141414
682510 1400.0
683001 1428.5714285714287
683511 1379.310344827586
684010 1407.0351758793968
684500 1407.179487179487
685000 1400.0
685510 1406.8965517241381
686000 1400.0
686511 1400.0
687010 1407.0351758793968
687511 1385.858585858586
688010 1400.0
688510 1435.1758793969848
689010 1372.0
689511 1400.0
690010 1428.0
690501 1392.8934010152284
691011 1406.8965517241381
691500 1378.4615384615383
692011 1406.8965517241381
692510 1407.0351758793968
693011 1372.0
693510 1435.1758793969848
694010 1378.894472361809
694511 1365.1741293532339
695010 1407.0351758793968
695511 1393.0348258706467
696010 1414.141414141414
696510 1400.0
697011 1400.0
697510 1372.0
698011 1420.8955223880598
698510 1385.858585858586
699010 1400.0
699511 1393.0348258706467
700010 1414.141414141414
700510 1378.894472361809
701010 1393.0348258706467
701510 1407.0351758793968
702010 1407.0351758793968
702510 1400.0
703010 1378.894472361809
703511 1400.0
704001 1400.0
704511 1406.8965517241381
705010 1435.1758793969848
705500 1371.4285714285713
706000 1393.0348258706467
706511 1406.8965517241381
707000 1400.0
707510 1406.8965517241381
708010 1400.0
708510 1407.0351758793968
709011 1400.0
709510 1414.141414141414
710010 1400.0
710510 1407.0351758793968
711011 1400.0
711510 1400.0
712010 1414.141414141414
712510 1393.0348258706467
713000 1400.0
713501 1400.0
714000 1414.141414141414
714500 1407.0351758793968
715001 1400.0
715501 1400.0
716011 1406.8965517241381
716511 1407.0351758793968
717010 1393.0348258706467
717510 1414.141414141414
718001 1392.8934010152284
718500 1414.141414141414
719010 1400.0
719510 1400.0
720001 1378.4615384615383
720515 1433.816425120773
721000 1392.746113989637
721510 1413.8613861386139
722000 1371.4285714285713
722510 1400.0
723000 1428.5714285714287
723510 1406.8965517241381
724011 1407.0351758793968
724501 1400.0
725000 1400.0
725511 1372.5490196078429
726010 1442.4242424242425
726510 1400.0
727001 1378.4615384615383
727510 1427.4509803921567
728011 1400.0
728510 1385.858585858586
729010 1428.0
729510 1407.0351758793968
730011 1365.1741293532339
730510 1435.1758793969848
731011 1400.0
731510 1378.894472361809
732011 1428.0
732510 1407.0351758793968
733010 1407.0351758793968
733510 1407.0351758793968
734010 1407.0351758793968
734510 1400.0
735010 1378.894472361809
735510 1435.1758793969848
736011 1407.0351758793968
736510 1393.0348258706467
737010 1372.0
737510 1414.141414141414
738011 1435.1758793969848
738510 1400.0
739011 1407.0351758793968
739510 1372.0
740010 1435.1758793969848
740511 1378.894472361809
741001 1400.0
741511 1400.0
742011 1407.0351758793968
742510 1407.0351758793968
743010 1442.4242424242425
743511 1393.0348258706467
744010 1385.858585858586
744500 1400.0
745001 1400.0
745501 1407.0351758793968
746000 1400.0
746501 1407.0351758793968
747001 1407.0351758793968
747501 1400.0
748001 1407.0351758793968
748510 1400.0
749010 1428.0
749511 1372.0
750010 1428.0
750511 1407.0351758793968
751010 1407.0351758793968
751510 1372.0
752010 1400.0
752511 1442.4242424242425
753010 1372.0
753510 1407.0351758793968
754010 1400.0
754511 1428.0
755010 1378.894472361809
755510 1400.0
756011 1435.1758793969848
756510 1372.0
757011 1407.0351758793968
757510 1407.0351758793968
758010 1400.0
758510 1407.0351758793968
759011 1407.0351758793968
759510 1407.0351758793968
760010 1393.0348258706467
760510 1378.894472361809
761010 1435.1758793969848
761511 1400.0
762010 1407.0351758793968
762511 1407.0351758793968
763010 1407.0351758793968
763510 1400.0
764010 1400.0
764511 1372.0
765011 1435.1758793969848
765510 1378.894472361809
766011 1420.8955223880598
766510 1414.141414141414
767011 1372.0
767510 1400.0
768010 1407.0351758793968
768511 1400.0
769010 1407.0351758793968
769511 1407.0351758793968
770010 1393.0348258706467
770511 1428.0
771010 1378.894472361809
771511 1407.0351758793968
772010 1435.1758793969848
772510 1365.1741293532339
773010 1407.0351758793968
773510 1393.0348258706467
774011 1407.0351758793968
774501 1407.179487179487
775011 1420.4878048780488
775511 1414.141414141414
776010 1372.0
776510 1407.0351758793968
777010 1400.0
777510 1400.0
778011 1428.0
778500 1414.4329896907216
779010 1406.8965517241381
779510 1372.0
780010 1428.0
780511 1378.894472361809
781010 1407.0351758793968
781510 1400.0
782011 1400.0
782510 1414.141414141414
783001 1385.858585858586
783511 1413.8613861386139
784001 1407.179487179487
784510 1434.4827586206895
785010 1407.0351758793968
785510 1372.0
786010 1400.0
786510 1407.0351758793968
787010 1407.0351758793968
787511 1420.8955223880598
788010 1385.858585858586
788501 1428.5714285714287
789010 1379.310344827586
789511 1407.0351758793968
790010 1400.0
790500 1407.179487179487
791010 1406.8965517241381
791510 1393.0348258706467
792010 1414.141414141414
792511 1400.0
793010 1400.0
793510 1407.0351758793968
794001 1400.0
794510 1406.8965517241381
795010 1407.0351758793968
795510 1407.0351758793968
796010 1400.0
796510 1407.0351758793968
797010 1407.0351758793968
797511 1400.0
798010 1400.0
798510 1414.141414141414
799010 1400.0
799511 1400.0
800011 1414.141414141414
800510 1400.0
801010 1407.0351758793968
801510 1407.0351758793968
802011 1400.0
802511 1407.0351758793968
803010 1400.0
803510 1393.0348258706467
804010 1407.0351758793968
804510 1400.0
805000 1414.4329896907216
805511 1400.0
806000 1407.179487179487
806511 1400.0
807011 1400.0
807510 1407.0351758793968
808011 1393.0348258706467
808510 1414.141414141414
809011 1407.0351758793968
809510 1372.0
810010 1407.0351758793968
810511 1428.0
811000 1378.4615384615383
811511 1434.4827586206895
812001 1392.8934010152284
812511 1406.8965517241381
813000 1407.179487179487
813511 1400.0
814001 1400.0
814510 1406.8965517241381
815010 1400.0
815510 1400.0
816011 1372.0
816511 1435.1758793969848
817010 1372.0
817501 1435.8974358974356
818010 1406.8965517241381
818510 1378.894472361809
819001 1400.0
819501 1428.0
820010 1406.8965517241381
820511 1400.0
821010 1407.0351758793968
821511 1365.1741293532339
822010 1442.4242424242425
822510 1400.0
823010 1407.0351758793968
823511 1407.0351758793968
824010 1378.894472361809
824511 1420.8955223880598
825001 1407.179487179487
825510 1406.8965517241381
826010 1407.0351758793968
826510 1372.0
827011 1435.1758793969848
827510 1407.0351758793968
828010 1372.0
828501 1400.0
829011 1400.0
829501 1407.179487179487
830000 1414.141414141414
830510 1400.0
831011 1428.0
831510 1414.141414141414
832010 1372.0
