0 254.54545454545453
501 1400.0
991 1407.179487179487
1491 1414.141414141414
1991 1407.0351758793968
2491 1407.0351758793968
2992 1407.0351758793968
3490 1414.141414141414
3991 1385.858585858586
4491 1407.0351758793968
4991 1400.0
5491 1294.4723618090452
5991 0.0
6491 0.0
6991 0.0
7491 0.0
7991 0.0
8491 0.0
8991 395.9595959595959
9491 1385.858585858586
9991 1372.0
10490 900.502512562814
10991 0.0
11491 0.0
11991 0.0
12491 0.0
12991 0.0
13491 0.0
13990 0.0
14491 0.0
14991 0.0
15491 369.5431472081218
15991 0.0
16491 0.0
16992 0.0
17491 0.0
17991 0.0
18491 0.0
18991 0.0
19491 0.0
19991 0.0
20491 1407.0351758793968
20990 1378.894472361809
21491 1428.0
21991 1407.0351758793968
22491 1414.141414141414
22981 1407.179487179487
23492 1372.5490196078429
23991 1414.141414141414
24491 1407.0351758793968
24991 1407.0351758793968
25491 1400.0
25990 1378.894472361809
26491 1414.141414141414
26991 1407.0351758793968
27491 1385.858585858586
27991 1428.0
28491 1421.3197969543146
28991 1407.0351758793968
29491 1407.0351758793968
29991 1378.894472361809
30491 1435.1758793969848
30991 1350.753768844221
31491 1435.1758793969848
31991 1378.894472361809
32491 1435.1758793969848
32991 1385.858585858586
33491 1407.0351758793968
33991 1378.894472361809
34491 1435.1758793969848
34991 1400.0
35491 1407.0351758793968
35991 1421.3197969543146
36491 1378.894472361809
36991 1400.0
37491 1478.1725888324872
37990 1350.753768844221
38490 1414.141414141414
38991 1400.0
39491 1378.894472361809
39991 1435.1758793969848
40491 1378.894472361809
40991 1407.0351758793968
41491 1407.0351758793968
41991 1407.0351758793968
42491 1385.858585858586
42990 1400.0
43491 1435.1758793969848
43991 1378.894472361809
44490 1414.141414141414
44991 1407.0351758793968
45491 1400.0
45991 1414.141414141414
46491 1385.858585858586
46990 1435.1758793969848
47491 1378.894472361809
47991 1400.0
48491 1407.0351758793968
48991 1378.894472361809
49491 1428.0
49991 1414.141414141414
50491 1407.0351758793968
50990 1407.0351758793968
51491 1385.858585858586
51981 1414.4329896907216
52490 1372.5490196078429
52991 1414.141414141414
53490 1407.0351758793968
53991 1400.0
54481 1378.4615384615383
54990 1413.8613861386139
55491 1407.0351758793968
55990 1407.0351758793968
56490 1400.0
56991 1400.0
57491 1414.141414141414
57990 1400.0
58491 1378.894472361809
58990 1435.1758793969848
59491 1378.894472361809
59991 1407.0351758793968
60490 1372.0
60991 1442.4242424242425
61491 1378.894472361809
61991 1407.0351758793968
62491 1407.0351758793968
62991 1400.0
63491 1414.141414141414
63991 1378.894472361809
64491 1442.4242424242425
64991 1372.0
65490 1435.1758793969848
65991 1372.0
66491 1414.141414141414
66991 1435.1758793969848
67491 1365.1741293532339
67990 1414.141414141414
68491 1414.141414141414
68991 1385.858585858586
69491 1400.0
69991 1407.0351758793968
70490 1407.0351758793968
70991 1407.0351758793968
71491 1463.3165829145728
71991 1343.9999999999998
72491 1414.141414141414
72990 1378.894472361809
73490 1407.0351758793968
73990 1407.0351758793968
74490 1414.141414141414
74991 1400.0
75491 1407.0351758793968
75990 1385.858585858586
76491 1428.0
76991 1378.894472361809
77490 1414.141414141414
77990 1400.0
78491 1414.141414141414
78991 1407.0351758793968
79490 1378.894472361809
79991 1435.1758793969848
80491 1400.0
80991 1378.894472361809
81490 1435.1758793969848
81991 1385.858585858586
82490 1407.0351758793968
82991 1400.0
83490 1407.0351758793968
83990 1372.0
84490 1435.1758793969848
84991 1372.0
85491 1400.0
85990 1414.141414141414
86491 1400.0
86991 1407.0351758793968
87491 1385.858585858586
87990 1407.0351758793968
88491 1435.1758793969848
88991 1400.0
89490 1385.858585858586
89991 1414.141414141414
90491 1400.0
90990 1378.894472361809
91491 1407.0351758793968
91991 1414.141414141414
92491 1400.0
92990 1414.141414141414
93491 1407.0351758793968
93991 1407.0351758793968
94490 1407.0351758793968
94990 1407.0351758793968
95490 1378.894472361809
95991 1400.0
96490 1414.141414141414
96991 1407.0351758793968
97490 1385.858585858586
97991 1435.1758793969848
98491 1372.0
98990 1414.141414141414
99490 1407.0351758793968
99991 1407.0351758793968
100491 1407.0351758793968
100990 1407.0351758793968
101491 1400.0
101991 1414.141414141414
102491 1378.894472361809
102991 1435.1758793969848
103491 1378.894472361809
103991 1407.0351758793968
104490 1414.141414141414
104991 1407.0351758793968
105490 1407.0351758793968
105991 1407.0351758793968
106491 1414.141414141414
106991 1378.894472361809
107490 1400.0
107991 1414.141414141414
108491 1407.0351758793968
108990 1407.0351758793968
109491 1372.0
109990 1407.0351758793968
110491 1435.1758793969848
110980 1378.4615384615383
111491 1413.8613861386139
111990 1414.141414141414
112481 1378.4615384615383
112991 1400.0
113480 1414.4329896907216
113991 1386.1386138613861
114491 1407.0351758793968
114980 1428.5714285714287
115490 1386.1386138613861
115991 1407.0351758793968
116491 1393.0348258706467
116980 1385.5670103092782
117491 1413.8613861386139
117990 1407.0351758793968
118491 1407.0351758793968
118990 1428.0
119491 1385.858585858586
119991 1400.0
120491 1414.141414141414
120990 1385.858585858586
121491 1413.8613861386139
121990 1385.858585858586
122481 1435.8974358974356
122991 1413.8613861386139
123480 1378.4615384615383
123991 1406.8965517241381
124490 1414.141414141414
124991 1407.0351758793968
125491 1372.0
125991 1414.141414141414
126491 1407.0351758793968
126991 1400.0
127490 1414.141414141414
127991 1400.0
128491 1385.858585858586
128990 1407.0351758793968
129490 1414.141414141414
129990 1400.0
130491 1414.141414141414
130991 1386.1386138613861
131490 1414.141414141414
131991 1385.858585858586
132491 1407.0351758793968
132991 1407.0351758793968
133491 1435.1758793969848
133990 1378.894472361809
134491 1407.0351758793968
134990 1385.858585858586
135491 1435.1758793969848
135990 1372.0
136491 1407.0351758793968
136990 1414.141414141414
137491 1400.0
137990 1421.3197969543146
138490 1378.894472361809
138990 1400.0
139490 1442.4242424242425
139990 1428.0
140491 1350.753768844221
140991 1407.0351758793968
141491 1414.141414141414
141991 1407.0351758793968
142490 1407.0351758793968
142991 1378.894472361809
143490 1414.141414141414
143991 1400.0
144491 1414.141414141414
144991 1393.0348258706467
145491 1407.0351758793968
145990 1407.0351758793968
146491 1372.0
146991 1428.0
147481 1378.4615384615383
147990 1441.5841584158416
148490 1372.0
148991 1400.0
149490 1407.0351758793968
149991 1414.141414141414
150491 1407.0351758793968
150990 1400.0
151481 1385.5670103092782
151991 1434.4827586206895
152491 1357.5757575757575
152990 1407.0351758793968
153491 1428.0
153991 1385.858585858586
154491 1407.0351758793968
154990 1414.141414141414
155491 1372.0
155991 1435.1758793969848
156491 1407.0351758793968
156990 1392.8934010152284
157481 1392.8934010152284
157991 1441.5841584158416
158491 1407.0351758793968
158981 1342.8571428571427
159481 1421.3197969543146
159991 1434.4827586206895
160481 1378.4615384615383
160991 1427.4509803921567
161491 1378.894472361809
161991 1407.0351758793968
162491 1400.0
162991 1414.141414141414
163491 1400.0
163990 1407.0351758793968
164491 1378.894472361809
164990 1407.0351758793968
165491 1400.0
165990 1414.141414141414
166491 1400.0
166991 1400.0
167490 1392.8934010152284
167991 1393.0348258706467
168491 1407.0351758793968
168991 1414.141414141414
169491 1400.0
169991 1414.141414141414
170491 1400.0
170991 1400.0
171491 1378.894472361809
171991 1449.746192893401
172491 1372.0
172990 1414.141414141414
173490 1378.894472361809
173981 1435.8974358974356
174490 1406.8965517241381
174991 1414.141414141414
175490 1372.0
175991 1407.0351758793968
176490 1407.0351758793968
176991 1407.0351758793968
177490 1407.0351758793968
177991 1414.141414141414
178491 1400.0
178990 1378.894472361809
179490 1407.0351758793968
179991 1407.0351758793968
180481 1428.5714285714287
180991 1386.1386138613861
181491 1407.0351758793968
181991 1378.894472361809
182491 1435.1758793969848
182990 1407.0351758793968
183481 1400.0
183991 1386.1386138613861
184491 1400.0
184981 1407.179487179487
185481 1407.0351758793968
185990 1413.8613861386139
186490 1372.0
186981 1435.8974358974356
187480 1372.0
187980 1414.141414141414
188491 1406.8965517241381
188981 1400.0
189491 1406.8965517241381
189991 1407.0351758793968
190490 1385.858585858586
190991 1407.0351758793968
191481 1407.179487179487
191990 1406.8965517241381
192491 1372.0
192981 1443.2989690721647
193491 1372.5490196078429
193980 1407.179487179487
194480 1407.0351758793968
194990 1406.8965517241381
195491 1407.0351758793968
195991 1407.0351758793968
196490 1414.141414141414
196990 1372.0
197481 1414.4329896907216
197991 1427.4509803921567
198490 1392.8934010152284
198991 1400.0
199491 1372.0
199991 1442.4242424242425
200490 1400.0
200981 1378.4615384615383
201490 1406.8965517241381
201991 1407.0351758793968
202491 1407.0351758793968
202990 1400.0
203491 1414.141414141414
203991 1400.0
204491 1385.858585858586
204991 1435.1758793969848
205490 1378.894472361809
205990 1400.0
206491 1400.0
206991 1407.0351758793968
207490 1414.141414141414
207990 1378.894472361809
208490 1463.3165829145728
208991 1378.894472361809
209491 1385.858585858586
209991 1400.0
210491 1407.0351758793968
210981 1400.0
211491 1406.8965517241381
211991 1407.0351758793968
212491 1407.0351758793968
212990 1378.894472361809
213481 1407.179487179487
213991 1406.8965517241381
214491 1407.0351758793968
214990 1407.0351758793968
215491 1372.0
215991 1435.1758793969848
216491 1378.894472361809
216990 1407.0351758793968
217490 1414.141414141414
217990 1407.0351758793968
218490 1372.0
218991 1442.4242424242425
219491 1400.0
219991 1385.858585858586
220490 1442.4242424242425
220981 1371.4285714285713
221491 1379.310344827586
221990 1407.0351758793968
222491 1449.746192893401
222991 1365.1741293532339
223491 1414.141414141414
223991 1400.0
224491 1407.0351758793968
224990 1400.0
225491 1414.141414141414
225991 1378.894472361809
226490 1407.0351758793968
226990 1393.0348258706467
227491 1414.141414141414
227990 1400.0
228490 1378.894472361809
228991 1407.0351758793968
229490 1414.141414141414
229991 1407.0351758793968
230490 1400.0
230990 1407.0351758793968
231490 1378.894472361809
231990 1435.1758793969848
232491 1407.0351758793968
232991 1378.894472361809
233491 1407.0351758793968
233990 1414.141414141414
234491 1407.0351758793968
234991 1407.0351758793968
235490 1378.894472361809
235990 1407.0351758793968
236491 1407.0351758793968
236991 1407.0351758793968
237491 1350.753768844221
237991 1435.1758793969848
238491 1372.0
238991 1350.753768844221
239491 1407.0351758793968
239990 1372.0
240491 1400.0
240991 1378.894472361809
241491 1400.0
241990 1385.858585858586
242491 1393.0348258706467
242991 1378.894472361809
243491 1400.0
243990 1414.141414141414
244490 1378.894472361809
244991 1407.0351758793968
245491 1400.0
245990 1385.858585858586
246491 1435.1758793969848
246990 1407.0351758793968
247491 1385.858585858586
247990 1400.0
248490 1414.141414141414
248991 1400.0
249490 1407.0351758793968
249991 1407.0351758793968
250490 1414.141414141414
250991 1378.894472361809
251490 1400.0
251991 1428.0
252491 1385.858585858586
252991 1378.894472361809
253491 1407.0351758793968
253991 1435.1758793969848
254491 1407.0351758793968
254991 1378.894472361809
255490 1435.1758793969848
255981 1371.4285714285713
256491 1400.0
256980 1414.4329896907216
257490 1365.8536585365853
257991 1421.3197969543146
258491 1428.0
258991 1378.894472361809
259490 1407.0351758793968
259991 1372.0
260490 1442.4242424242425
260991 1400.0
261491 1414.141414141414
261990 1378.894472361809
262490 1407.0351758793968
262990 1378.894472361809
263480 1400.0
263991 1406.8965517241381
264491 1400.0
264990 1378.894472361809
265491 1407.0351758793968
265981 1414.4329896907216
266491 1400.0
266991 1414.141414141414
267481 1407.179487179487
267991 1406.8965517241381
268490 1378.894472361809
268990 1414.141414141414
269481 1400.0
269991 1400.0
270491 1378.894472361809
270991 1428.0
271491 1421.3197969543146
271991 1372.0
272491 1414.141414141414
272991 1407.0351758793968
273490 1378.894472361809
273991 1400.0
274490 1407.0351758793968
274990 1372.0
275490 1385.858585858586
275990 1400.0
276490 1470.707070707071
276991 1343.9999999999998
277490 1407.0351758793968
277990 1414.141414141414
278490 1400.0
278990 1400.0
279490 1414.141414141414
279991 1435.1758793969848
280491 1400.0
280991 1378.894472361809
281490 1414.141414141414
281991 1407.0351758793968
282491 1407.0351758793968
282991 1414.141414141414
283490 1428.0
283990 1372.0
284490 1414.141414141414
284991 1400.0
285491 1414.141414141414
285991 1407.0351758793968
286491 1414.141414141414
286991 1407.0351758793968
287491 1407.0351758793968
287991 1378.894472361809
288491 1400.0
288990 1435.1758793969848
289491 1407.0351758793968
289991 1414.141414141414
290490 1407.0351758793968
290990 1378.894472361809
291490 1435.1758793969848
291990 1378.894472361809
292491 1400.0
292990 1385.858585858586
293491 1400.0
293991 1378.894472361809
294491 1378.894472361809
294990 1428.0
295490 1414.141414141414
295990 1407.0351758793968
296490 1372.0
296990 1435.1758793969848
297490 1378.894472361809
297990 1435.1758793969848
298491 1378.894472361809
298990 1407.0351758793968
299491 1435.1758793969848
299990 1378.894472361809
300481 1407.179487179487
300991 1441.5841584158416
301491 1378.894472361809
301990 1400.0
302490 1414.141414141414
302990 1435.1758793969848
303491 1365.1741293532339
303991 1414.141414141414
304491 1414.141414141414
304990 1393.0348258706467
305490 1407.0351758793968
305991 1414.141414141414
306490 1407.0351758793968
306990 1407.0351758793968
307490 1400.0
307990 1421.3197969543146
308491 1400.0
308990 1407.0351758793968
309491 1372.0
309990 1372.0
310491 1407.0351758793968
310991 1413.8613861386139
311490 1364.467005076142
311991 1414.141414141414
312490 1407.0351758793968
312990 1400.0
313491 1400.0
313990 1407.0351758793968
314490 1414.141414141414
314991 1400.0
315491 1414.141414141414
315991 1407.0351758793968
316491 1407.0351758793968
316991 1385.858585858586
317490 1407.0351758793968
317991 1428.0
318490 1407.0351758793968
318991 1407.0351758793968
319491 1407.0351758793968
319991 1414.141414141414
320491 1372.0
320981 1443.2989690721647
321491 1406.8965517241381
321991 1372.0
322491 1407.0351758793968
322990 1435.1758793969848
323490 1414.141414141414
323991 1407.0351758793968
324491 1407.0351758793968
324990 1400.0
325490 1407.0351758793968
325990 1378.894472361809
326491 1435.1758793969848
326991 1407.0351758793968
327491 1372.0
327990 1428.0
328490 1421.3197969543146
328991 1372.0
329491 1435.1758793969848
329990 1400.0
330491 1400.0
330990 1385.858585858586
331481 1407.179487179487
331991 1413.8613861386139
332490 1428.0
332991 1378.894472361809
333491 1393.0348258706467
333981 1443.2989690721647
334491 1379.310344827586
334991 1407.0351758793968
335491 1414.141414141414
335990 1428.0
336480 1371.4285714285713
336991 1413.8613861386139
337491 1442.4242424242425
337991 1372.0
338480 1407.179487179487
338991 1406.8965517241381
339491 1435.1758793969848
339991 1378.894472361809
340481 1400.0
340991 1413.8613861386139
341491 1407.0351758793968
341991 1414.141414141414
342490 1414.141414141414
342990 1400.0
343491 1400.0
343990 1414.141414141414
344491 1400.0
344990 1435.1758793969848
345491 1378.894472361809
345990 1385.858585858586
346490 1435.1758793969848
346991 1378.894472361809
347491 1428.0
347990 1385.858585858586
348490 1442.4242424242425
348991 1400.0
349491 1414.141414141414
349991 1400.0
350490 1407.0351758793968
350991 1407.0351758793968
351480 1378.4615384615383
351990 1441.5841584158416
352491 1400.0
352990 1385.858585858586
353491 1400.0
353990 1407.0351758793968
354490 1407.0351758793968
354990 1407.0351758793968
355490 1407.0351758793968
355990 1407.0351758793968
356490 1385.858585858586
356991 1393.0348258706467
357481 1443.2989690721647
357981 1421.3197969543146
358491 1406.8965517241381
358991 1400.0
359490 1407.0351758793968
359990 1372.0
360490 1435.1758793969848
360990 1407.0351758793968
361480 1407.179487179487
361990 1413.8613861386139
362490 1400.0
362981 1407.179487179487
363491 1406.8965517241381
363990 1407.0351758793968
364491 1407.0351758793968
364991 1400.0
365491 1407.0351758793968
365991 1372.0
366491 1414.141414141414
366991 1435.1758793969848
367491 1407.0351758793968
367991 1385.858585858586
368490 1435.1758793969848
368990 1385.858585858586
369491 1435.1758793969848
369991 1372.0
370491 1378.894472361809
370990 1400.0
371490 1385.858585858586
371991 1428.0
372491 1407.0351758793968
372981 1378.4615384615383
373490 1406.8965517241381
373981 1400.0
374490 1386.1386138613861
374991 1400.0
375491 1407.0351758793968
375990 1378.894472361809
376490 1442.4242424242425
376991 1400.0
377491 1385.858585858586
377980 1392.8934010152284
378490 1386.1386138613861
378991 1456.0
379490 1357.5757575757575
379991 1378.894472361809
380491 1407.0351758793968
380980 1407.179487179487
381491 1400.0
381991 1407.0351758793968
382491 1378.894472361809
382991 1442.4242424242425
383491 1407.0351758793968
383991 1378.894472361809
384491 1400.0
384991 1414.141414141414
385490 1372.0
385990 1400.0
386480 1385.5670103092782
386990 1400.0
387491 1407.0351758793968
387991 1442.4242424242425
388490 1372.0
388991 1378.894472361809
389491 1435.1758793969848
389991 1385.858585858586
390491 1393.0348258706467
390990 1414.141414141414
391490 1365.1741293532339
391991 1435.1758793969848
392491 1378.894472361809
392991 1393.0348258706467
393491 1414.141414141414
393990 1372.0
394491 1442.4242424242425
394990 1372.0
395491 1378.894472361809
395991 1435.1758793969848
396491 1407.0351758793968
396990 1407.0351758793968
397490 1372.0
397991 1407.0351758793968
398491 1378.894472361809
398990 1407.0351758793968
399490 1407.0351758793968
399991 1372.0
400491 1435.1758793969848
400991 1400.0
401491 1378.894472361809
401980 1378.4615384615383
402491 1413.8613861386139
402991 1435.1758793969848
403491 1350.753768844221
403990 1428.0
404491 1407.0351758793968
404981 1407.179487179487
405491 1365.8536585365853
405980 1392.746113989637
406491 1400.0
406991 1407.0351758793968
407491 1407.0351758793968
407990 1407.0351758793968
408490 1407.0351758793968
408991 1372.0
409491 1407.0351758793968
409991 1407.0351758793968
410490 1407.0351758793968
410991 1378.894472361809
411491 1407.0351758793968
411991 1414.141414141414
412491 1372.0
412991 1435.1758793969848
413481 1414.4329896907216
413991 1372.5490196078429
414490 1407.0351758793968
414981 1371.4285714285713
415491 1406.8965517241381
415991 1400.0
416491 1407.0351758793968
416991 1414.141414141414
417490 1407.0351758793968
417981 1392.8934010152284
418490 1386.1386138613861
418991 1435.1758793969848
419480 1378.4615384615383
419990 1441.5841584158416
420491 1372.0
420991 1400.0
421491 1414.141414141414
421991 1407.0351758793968
422481 1407.179487179487
422980 1414.141414141414
423490 1365.8536585365853
423981 1407.179487179487
424481 1407.0351758793968
424991 1406.8965517241381
425480 1371.4285714285713
425991 1434.4827586206895
426480 1385.5670103092782
426990 1406.8965517241381
427490 1414.141414141414
427991 1400.0
428491 1435.1758793969848
428991 1378.894472361809
429490 1428.0
429990 1372.0
430490 1414.141414141414
430991 1407.0351758793968
431491 1435.1758793969848
431991 1414.141414141414
432491 1378.894472361809
432990 1400.0
433491 1414.141414141414
433990 1407.0351758793968
434490 1414.141414141414
434981 1400.0
435490 1406.8965517241381
435990 1414.141414141414
436490 1378.894472361809
436990 1407.0351758793968
437490 1435.1758793969848
437990 1400.0
438491 1372.0
438990 1414.141414141414
439490 1442.4242424242425
439990 1407.0351758793968
440491 1393.0348258706467
440990 1421.3197969543146
441480 1400.0
441991 1406.8965517241381
442491 1414.141414141414
442991 1407.0351758793968
443490 1414.141414141414
443990 1378.894472361809
444481 1443.2989690721647
444981 1400.0
445480 1414.141414141414
445991 1400.0
446480 1378.4615384615383
446990 1434.4827586206895
447490 1406.8965517241381
447981 1414.7368421052631
448490 1400.0
448980 1414.4329896907216
449490 1400.0
449981 1414.4329896907216
450480 1400.0
450991 1406.8965517241381
451491 1414.141414141414
451990 1400.0
452491 1400.0
452991 1378.894472361809
453481 1435.8974358974356
