0 0.0
485 0.0
994 0.0
1494 0.0
1994 0.0
2494 0.0
2994 0.0
3495 0.0
3995 1350.753768844221
4494 1407.0351758793968
4994 1407.0351758793968
5484 1407.179487179487
5995 1400.0
6494 1414.141414141414
6995 1414.141414141414
7495 1385.858585858586
7995 1393.0348258706467
8494 1407.0351758793968
8994 1414.141414141414
9494 1428.0
9994 1378.894472361809
10495 1428.0
10994 1414.141414141414
11495 1400.0
11994 1392.8934010152284
12495 1407.0351758793968
12995 1400.0
13494 1407.0351758793968
13995 1407.0351758793968
14494 1407.0351758793968
14995 1400.0
15494 1414.141414141414
15995 1337.3134328358208
16495 0.0
16984 0.0
17494 0.0
17994 0.0
18494 0.0
18994 0.0
19494 196.98492462311557
19994 1372.0
20495 1407.0351758793968
20994 1407.0351758793968
21494 540.1015228426396
21994 0.0
22485 0.0
22994 0.0
23494 0.0
23994 0.0
24494 0.0
24994 0.0
25494 0.0
25995 0.0
26494 367.6767676767677
26994 0.0
27494 0.0
27994 0.0
28495 0.0
28994 0.0
29494 0.0
29994 0.0
30494 0.0
30994 537.3737373737373
31494 1378.894472361809
31994 1400.0
32494 1378.894472361809
32994 1400.0
33494 1407.0351758793968
33994 1378.894472361809
34494 1407.0351758793968
34994 1400.0
35495 1407.0351758793968
35994 1414.141414141414
36494 1407.0351758793968
36994 1407.0351758793968
37494 1413.5922330097087
37994 1378.0104712041884
38494 1428.0
38994 1385.858585858586
39494 1428.0
39995 1407.0351758793968
40494 1378.894472361809
40994 1414.141414141414
41494 1372.0
41995 1435.1758793969848
42494 1400.0
42994 1414.141414141414
43484 1385.5670103092782
43994 1400.0
44494 1414.141414141414
44994 1400.0
45494 1407.0351758793968
45994 1407.0351758793968
46494 1407.0351758793968
46995 1407.0351758793968
47494 1407.0351758793968
47995 1407.0351758793968
48494 1372.0
48994 1435.1758793969848
49495 1400.0
49994 1385.858585858586
50494 1435.1758793969848
50994 1385.858585858586
51494 1407.0351758793968
51994 1407.0351758793968
52494 1407.0351758793968
52994 1414.141414141414
53494 1400.0
53994 1407.0351758793968
54494 1407.0351758793968
54994 1414.141414141414
55484 1435.8974358974356
55994 1372.5490196078429
56484 1414.4329896907216
56994 1434.4827586206895
57494 1400.0
57994 1378.894472361809
58494 1407.0351758793968
58994 1414.141414141414
59494 1407.0351758793968
59994 1400.0
60494 1407.0351758793968
60994 1407.0351758793968
61494 1442.4242424242425
61994 1372.0
62494 1407.0351758793968
62994 1421.3197969543146
63494 1420.8955223880598
63994 1378.894472361809
64494 1407.0351758793968
64994 1414.141414141414
65494 1414.141414141414
65994 1400.0
66494 1414.141414141414
66994 1400.0
67494 1414.141414141414
67984 1371.4285714285713
68494 1434.4827586206895
68994 1385.858585858586
69495 1400.0
69994 1407.0351758793968
70494 1378.894472361809
70994 1428.0
71494 1413.8613861386139
71994 1378.4615384615383
72494 1407.0351758793968
72994 1378.894472361809
73494 1435.1758793969848
73994 1407.0351758793968
74494 1400.0
74994 1378.894472361809
75494 1414.141414141414
75994 1407.0351758793968
76494 1372.0
76994 1442.4242424242425
77494 1407.0351758793968
77984 1371.4285714285713
78494 1406.8965517241381
78994 1407.0351758793968
79494 1407.0351758793968
79994 1378.894472361809
80494 1442.4242424242425
80994 1372.0
81484 1407.179487179487
81994 1413.8613861386139
82494 1407.0351758793968
82994 1407.0351758793968
83494 1378.894472361809
83994 1435.1758793969848
84494 1407.0351758793968
84994 1378.894472361809
85494 1435.1758793969848
85984 1378.4615384615383
86494 1351.7241379310344
86994 1407.0351758793968
87494 1407.0351758793968
87994 1378.894472361809
88494 1407.0351758793968
88994 1407.0351758793968
89494 1393.0348258706467
89994 1385.858585858586
90494 1407.0351758793968
90983 1378.4615384615383
91494 1400.0
91993 1414.141414141414
92494 1407.0351758793968
92994 1400.0
93494 1372.0
93994 1442.4242424242425
94494 1385.858585858586
94994 1407.0351758793968
95494 1400.0
95994 1414.141414141414
96484 1371.4285714285713
96994 1406.8965517241381
97494 1414.141414141414
97994 1400.0
98484 1378.4615384615383
98994 1434.4827586206895
99494 1414.141414141414
99994 1378.894472361809
100494 1393.0348258706467
100994 1407.0351758793968
101494 1407.0351758793968
101994 1407.0351758793968
102494 1407.0351758793968
102994 1372.0
103484 1407.179487179487
103994 1413.8613861386139
104494 1407.0351758793968
104984 1400.0
105494 1400.0
105994 1385.858585858586
106494 1435.1758793969848
106994 1385.858585858586
107494 1407.0351758793968
107994 1407.0351758793968
108494 1400.0
108994 1414.141414141414
109484 1378.4615384615383
109984 1435.1758793969848
110494 1386.1386138613861
110984 1407.179487179487
111494 1406.8965517241381
111984 1407.179487179487
112494 1379.310344827586
112994 1435.1758793969848
113494 1372.0
113994 1414.141414141414
114494 1414.141414141414
114995 1400.0
115494 1414.141414141414
115994 1407.0351758793968
116494 1407.0351758793968
116994 1407.0351758793968
117494 1378.894472361809
117994 1407.0351758793968
118494 1400.0
118994 1400.0
119494 1407.0351758793968
119994 1414.141414141414
120494 1400.0
120994 1392.8934010152284
121495 1428.0
121994 1385.858585858586
122495 1400.0
122994 1407.0351758793968
123495 1400.0
123994 1378.894472361809
124494 1428.0
124994 1392.8934010152284
125484 1400.0
125984 1414.141414141414
126494 1406.8965517241381
126994 1372.0
127494 1435.1758793969848
127994 1407.0351758793968
128494 1407.0351758793968
128994 1372.0
129494 1414.141414141414
129995 1407.0351758793968
130495 1378.894472361809
130995 1407.0351758793968
131494 1407.0351758793968
131994 1435.1758793969848
132494 1378.894472361809
132994 1435.1758793969848
133494 1343.9999999999998
133994 1435.1758793969848
134494 1407.0351758793968
134994 1407.0351758793968
135493 1365.1741293532339
135994 1414.141414141414
136494 1407.0351758793968
136994 1407.0351758793968
137494 1378.894472361809
137994 1400.0
138494 1442.4242424242425
138994 1372.0
139494 1463.3165829145728
139994 1350.753768844221
140494 1414.141414141414
140994 1407.0351758793968
141494 1407.0351758793968
141994 1385.858585858586
142494 1400.0
142994 1407.0351758793968
143494 1400.0
143994 1407.0351758793968
144494 1378.894472361809
144994 1407.0351758793968
145494 1414.141414141414
145994 1400.0
146494 1421.3197969543146
146994 1372.0
147494 1407.0351758793968
147994 1400.0
148494 1407.0351758793968
148993 1414.141414141414
149494 1378.894472361809
149994 1407.0351758793968
150494 1400.0
150994 1414.141414141414
151494 1372.0
151993 1421.3197969543146
152494 1428.0
152994 1378.894472361809
153494 1393.0348258706467
153984 1421.761658031088
154494 1400.0
154994 1407.0351758793968
155494 1400.0
155994 1378.894472361809
156494 1414.141414141414
156994 1414.141414141414
157494 1400.0
157994 1407.0351758793968
158494 1407.0351758793968
158994 1407.0351758793968
159494 1378.894472361809
159994 1400.0
160494 1407.0351758793968
160994 1407.0351758793968
161494 1414.141414141414
161994 1407.0351758793968
162494 1372.0
162994 1414.141414141414
163494 1400.0
163995 1407.0351758793968
164495 1407.0351758793968
164994 1414.141414141414
165494 1372.0
165995 1435.1758793969848
166494 1385.858585858586
166994 1428.0
167494 1378.894472361809
167994 1407.0351758793968
168494 1414.141414141414
168994 1400.0
169494 1407.0351758793968
169994 1364.467005076142
170493 1393.0348258706467
170994 1407.0351758793968
171494 1372.0
171994 1378.894472361809
172494 1365.1741293532339
172994 1414.141414141414
173494 1372.0
173994 1400.0
174494 1378.894472361809
174993 1414.141414141414
175494 1378.894472361809
175994 1400.0
176494 1400.0
176994 1407.0351758793968
177494 1414.141414141414
177994 1378.894472361809
178494 1435.1758793969848
178994 1378.894472361809
179494 1400.0
179994 1442.4242424242425
180494 1372.0
180994 1407.0351758793968
181494 1407.0351758793968
181994 1393.0348258706467
182494 1392.8934010152284
182994 1400.0
183493 1407.0351758793968
183994 1407.0351758793968
184494 1400.0
184994 1378.894472361809
185494 1407.0351758793968
185983 1407.179487179487
186494 1400.0
186994 1435.1758793969848
187494 1392.8934010152284
187994 1400.0
188493 1407.0351758793968
188994 1400.0
189494 1414.141414141414
189994 1407.0351758793968
190494 1378.894472361809
190994 1428.0
191494 1385.858585858586
191994 1385.858585858586
192494 1442.4242424242425
192994 1372.0
193494 1400.0
193994 1442.4242424242425
194494 1400.0
194994 1378.894472361809
195494 1421.3197969543146
195994 1372.0
196494 1435.1758793969848
196994 1414.141414141414
197494 1378.894472361809
197994 1407.0351758793968
198494 1407.0351758793968
198994 1414.141414141414
199494 1407.0351758793968
199993 1414.141414141414
200494 1372.0
200993 1442.4242424242425
201494 1407.0351758793968
201994 1385.858585858586
202494 1400.0
202994 1407.0351758793968
203494 1414.141414141414
203994 1378.894472361809
204485 1428.5714285714287
204994 1406.8965517241381
205494 1385.858585858586
205994 1407.0351758793968
206494 1372.0
206984 1428.5714285714287
207494 1413.8613861386139
207984 1414.141414141414
208494 1372.0
208994 1372.0
209484 1443.2989690721647
209994 1351.7241379310344
210494 1407.0351758793968
210994 1407.0351758793968
211494 1407.0351758793968
211994 1400.0
212484 1414.4329896907216
212994 1386.1386138613861
213494 1407.0351758793968
213984 1428.5714285714287
214494 1386.1386138613861
214994 1407.0351758793968
215493 1372.0
215984 1414.4329896907216
216493 1413.8613861386139
216984 1392.8934010152284
217494 1406.8965517241381
217994 1407.0351758793968
218484 1407.179487179487
218994 1406.8965517241381
219494 1407.0351758793968
219994 1378.894472361809
220484 1407.179487179487
220984 1407.0351758793968
221494 1372.5490196078429
221994 1435.1758793969848
222494 1407.0351758793968
222994 1407.0351758793968
223493 1378.894472361809
223994 1400.0
224494 1414.141414141414
224994 1407.0351758793968
225494 1400.0
225994 1414.141414141414
226494 1400.0
226994 1407.0351758793968
227494 1378.894472361809
227994 1400.0
228494 1414.141414141414
228994 1378.894472361809
229494 1407.0351758793968
229994 1414.141414141414
230494 1400.0
230994 1407.0351758793968
231494 1400.0
231994 1414.141414141414
232494 1400.0
232994 1385.858585858586
233494 1428.0
233994 1407.0351758793968
234494 1385.858585858586
234993 1378.894472361809
235484 1428.5714285714287
235984 1407.0351758793968
236484 1385.858585858586
236994 1406.8965517241381
237494 1400.0
237994 1407.0351758793968
238494 1407.0351758793968
238994 1400.0
239484 1385.5670103092782
239994 1434.4827586206895
240494 1385.858585858586
240984 1400.0
241493 1379.310344827586
241983 1463.3165829145728
242494 1350.753768844221
242994 1400.0
243494 1407.0351758793968
243984 1385.5670103092782
244494 1400.0
244994 1378.894472361809
245494 1435.1758793969848
245994 1414.141414141414
246494 1372.0
246984 1407.179487179487
247494 1406.8965517241381
247994 1378.894472361809
248484 1428.5714285714287
248994 1413.8613861386139
249494 1378.894472361809
249994 1407.0351758793968
250494 1407.0351758793968
250993 1400.0
251493 1378.894472361809
251994 1435.1758793969848
252493 1407.0351758793968
252994 1378.894472361809
253494 1449.746192893401
253994 1407.0351758793968
254494 1400.0
254994 1378.894472361809
255494 1435.1758793969848
255994 1414.141414141414
256494 1378.894472361809
256994 1407.0351758793968
257494 1407.0351758793968
257994 1428.0
258494 1385.858585858586
258994 1420.8955223880598
259494 1392.8934010152284
259994 1435.1758793969848
260494 1385.858585858586
260994 1400.0
261494 1421.3197969543146
261994 1400.0
262494 1435.1758793969848
262994 1400.0
263494 1385.858585858586
263984 1400.0
264494 1434.4827586206895
264994 1378.894472361809
265494 1449.746192893401
265994 1372.0
266494 1407.0351758793968
266994 1407.0351758793968
267494 1407.0351758793968
267994 1400.0
268494 1407.0351758793968
268994 1407.0351758793968
269494 1407.0351758793968
269994 1385.858585858586
270494 1435.1758793969848
270994 1400.0
271494 1378.894472361809
271994 1407.0351758793968
272493 1442.4242424242425
272994 1400.0
273494 1378.894472361809
273994 1442.4242424242425
274494 1378.894472361809
274994 1393.0348258706467
275494 1421.3197969543146
275993 1393.0348258706467
276494 1421.3197969543146
276994 1407.0351758793968
277494 1407.0351758793968
277994 1400.0
278494 1414.141414141414
278994 1393.0348258706467
279494 1414.141414141414
279993 1407.0351758793968
280494 1435.1758793969848
280984 1371.4285714285713
281494 1434.4827586206895
281994 1372.0
282494 1407.0351758793968
282994 1407.0351758793968
283494 1407.0351758793968
283993 1414.141414141414
284494 1407.0351758793968
284993 1407.0351758793968
285494 1407.0351758793968
285994 1407.0351758793968
286494 1407.0351758793968
286994 1428.0
287494 1385.858585858586
287994 1400.0
288494 1414.141414141414
288984 1407.179487179487
289494 1400.0
289994 1400.0
290484 1407.179487179487
290994 1406.8965517241381
291494 1414.141414141414
291994 1400.0
292494 1407.0351758793968
292994 1407.0351758793968
293494 1407.0351758793968
293984 1407.179487179487
294494 1406.8965517241381
294994 1400.0
295493 1414.141414141414
295984 1400.0
296494 1400.0
296994 1414.141414141414
297494 1407.0351758793968
297994 1378.894472361809
298494 1435.1758793969848
298984 1400.0
299494 1413.8613861386139
299994 1407.0351758793968
300494 1407.0351758793968
300994 1378.894472361809
301494 1435.1758793969848
301994 1407.0351758793968
302494 1407.0351758793968
302993 1407.0351758793968
303493 1407.0351758793968
303994 1400.0
304494 1385.858585858586
304994 1400.0
305494 1407.0351758793968
305994 1407.0351758793968
306494 1414.141414141414
306994 1400.0
307495 1400.0
307995 1385.858585858586
308494 1400.0
308994 1400.0
309494 1407.0351758793968
309994 1442.4242424242425
310494 1378.894472361809
310994 1407.0351758793968
311494 1400.0
311994 1414.141414141414
312494 1372.0
312984 1407.179487179487
313494 1400.0
313994 1385.858585858586
314494 1407.0351758793968
314994 1414.141414141414
315494 1400.0
315994 1400.0
316494 1385.858585858586
316994 1428.0
317494 1392.8934010152284
317994 1365.1741293532339
318494 1400.0
318993 1372.0
319493 1407.0351758793968
319993 1407.0351758793968
320494 1414.141414141414
320993 1407.0351758793968
321494 1372.0
321994 1414.141414141414
322494 1407.0351758793968
322994 1393.0348258706467
323494 1385.858585858586
323994 1435.1758793969848
324494 1407.0351758793968
324994 1378.894472361809
325494 1407.0351758793968
325994 1407.0351758793968
326484 1421.761658031088
326994 1400.0
327493 1378.894472361809
327994 1400.0
328494 1407.0351758793968
328994 1372.0
329494 1407.0351758793968
329994 1407.0351758793968
330494 1365.1741293532339
330994 1407.0351758793968
331493 1414.141414141414
331994 1407.0351758793968
332495 1400.0
332994 1400.0
333494 1407.0351758793968
333984 1407.179487179487
334494 1386.1386138613861
334994 1407.0351758793968
335494 1400.0
335994 1414.141414141414
336494 1372.0
336994 1435.1758793969848
337494 1372.0
337994 1400.0
338494 1392.8934010152284
338984 1407.179487179487
339494 1406.8965517241381
339994 1400.0
340494 1407.0351758793968
340994 1372.0
341494 1414.141414141414
341994 1393.0348258706467
342494 1414.141414141414
342994 1414.141414141414
343494 1407.0351758793968
343994 1400.0
344494 1414.141414141414
344993 1400.0
345494 1378.894472361809
345994 1407.0351758793968
346484 1407.179487179487
346994 1379.310344827586
347494 1435.1758793969848
347994 1372.0
348494 1407.0351758793968
348994 1407.0351758793968
349494 1400.0
349995 1414.141414141414
350494 1378.894472361809
350993 1407.0351758793968
351494 1414.141414141414
351994 1400.0
352494 1414.141414141414
352994 1414.141414141414
353494 1400.0
353994 1400.0
354494 1414.141414141414
354994 1400.0
355494 1378.894472361809
355994 1407.0351758793968
356494 1407.0351758793968
356984 1371.4285714285713
357494 1379.310344827586
357994 1400.0
358494 1378.894472361809
358994 1378.894472361809
359494 1400.0
359994 1407.0351758793968
360494 1372.0
360994 1378.894472361809
361494 1372.0
361994 1414.141414141414
362494 1372.0
362994 1435.1758793969848
363494 1350.753768844221
363993 1400.0
364494 1400.0
364994 1378.894472361809
365494 1407.0351758793968
365993 1400.0
366493 1372.0
366994 1378.894472361809
367494 1414.141414141414
367984 1392.8934010152284
368494 1379.310344827586
368994 1414.141414141414
369494 1435.1758793969848
369994 1378.894472361809
370494 1407.0351758793968
370994 1407.0351758793968
371493 1372.0
371984 1435.8974358974356
372494 1379.310344827586
372994 1435.1758793969848
373494 1378.894472361809
373994 1393.0348258706467
374494 1407.0351758793968
374984 1407.179487179487
375494 1379.310344827586
375994 1400.0
376494 1407.0351758793968
376994 1421.3197969543146
377494 1420.8955223880598
377994 1407.0351758793968
378494 1386.1386138613861
378994 1378.4615384615383
379494 1414.141414141414
379994 1378.894472361809
380494 1400.0
380994 1378.894472361809
381494 1400.0
381994 1407.0351758793968
382494 1378.894472361809
382984 1407.179487179487
383494 1406.8965517241381
383994 1407.0351758793968
384494 1407.0351758793968
384984 1407.179487179487
385494 1400.0
385994 1414.141414141414
386494 1407.0351758793968
386994 1407.0351758793968
387484 1407.179487179487
387993 1406.8965517241381
388494 1407.0351758793968
388994 1372.0
389493 1414.141414141414
389984 1400.0
390484 1414.141414141414
390994 1406.8965517241381
391493 1407.0351758793968
391984 1407.179487179487
392494 1379.310344827586
392994 1407.0351758793968
393494 1407.0351758793968
393994 1407.0351758793968
394493 1378.894472361809
394994 1407.0351758793968
395494 1400.0
395984 1378.4615384615383
396494 1434.4827586206895
396994 1407.0351758793968
397484 1385.5670103092782
397994 1400.0
398495 1400.0
398994 1407.0351758793968
399494 1385.858585858586
399994 1435.1758793969848
400494 1372.0
400994 1400.0
401494 1357.5757575757575
401993 1428.0
402483 1414.4329896907216
402994 1406.8965517241381
403494 1407.0351758793968
403994 1407.0351758793968
404494 1372.0
404974 1444.2105263157896
405494 1413.5922330097087
405995 1365.1741293532339
406494 1435.1758793969848
406994 1385.858585858586
407494 1400.0
407994 1435.1758793969848
408494 1400.0
408994 1421.3197969543146
409484 1400.0
409994 1406.8965517241381
410494 1414.141414141414
410994 1407.0351758793968
411494 1400.0
411994 1414.141414141414
412494 1463.3165829145728
412994 1322.613065326633
413494 1414.141414141414
413984 1428.5714285714287
414494 1372.5490196078429
414994 1414.141414141414
415494 1414.141414141414
415994 1407.0351758793968
416494 1400.0
416994 1407.0351758793968
417494 1407.0351758793968
417993 1407.0351758793968
418494 1407.0351758793968
418994 1407.0351758793968
419494 1407.0351758793968
419984 1414.4329896907216
420494 1406.8965517241381
420994 1407.0351758793968
421494 1400.0
421994 1414.141414141414
422494 1400.0
422994 1407.0351758793968
423494 1407.0351758793968
423994 1400.0
424494 1421.3197969543146
424994 1393.0348258706467
425494 1407.0351758793968
425994 1407.0351758793968
426494 1414.141414141414
426994 1400.0
427494 1414.141414141414
427994 1407.0351758793968
428494 1400.0
428993 1407.0351758793968
429494 1407.0351758793968
429994 1407.0351758793968
430494 1414.141414141414
430994 1407.0351758793968
431494 1407.0351758793968
431994 1400.0
432494 1400.0
432994 1407.0351758793968
433494 1407.0351758793968
433994 1407.0351758793968
434494 1378.894472361809
434995 1428.0
435494 1385.858585858586
435994 1442.4242424242425
436494 1372.0
436994 1442.4242424242425
437493 1400.0
437994 1421.3197969543146
438484 1400.0
438984 1407.0351758793968
439493 1386.1386138613861
439993 1435.1758793969848
440494 1407.0351758793968
440994 1378.894472361809
441494 1428.0
441994 1421.3197969543146
442494 1372.0
442984 1435.8974358974356
443494 1372.5490196078429
443993 1435.1758793969848
444494 1378.894472361809
444994 1407.0351758793968
445494 1400.0
445984 1443.2989690721647
446494 1441.5841584158416
446994 1350.753768844221
447493 1400.0
447994 1414.141414141414
448494 1407.0351758793968
448984 1443.2989690721647
449494 1365.8536585365853
449993 1414.141414141414
450494 1407.0351758793968
450984 1407.179487179487
451494 1406.8965517241381
451994 1407.0351758793968
452494 1407.0351758793968
452994 1407.0351758793968
453494 1414.141414141414
453994 1393.0348258706467
454493 1414.141414141414
454984 1414.4329896907216
455494 1400.0
455994 1407.0351758793968
456494 1400.0
456994 1421.3197969543146
457494 1400.0
457984 1407.179487179487
458493 1400.0
458994 1407.0351758793968
459494 1407.0351758793968
459984 1407.179487179487
460484 1414.141414141414
460994 1400.0
461494 1414.141414141414
461994 1407.0351758793968
462494 1407.0351758793968
462994 1407.0351758793968
463493 1407.0351758793968
463994 1400.0
464494 1414.141414141414
464993 1407.0351758793968
465493 1385.858585858586
465993 1407.0351758793968
466493 1407.0351758793968
466994 1428.0
467494 1378.894472361809
467994 1442.4242424242425
468484 1400.0
468984 1407.0351758793968
469494 1406.8965517241381
469984 1414.4329896907216
470483 1400.0
470984 1407.0351758793968
471483 1378.894472361809
471984 1435.1758793969848
472483 1414.141414141414
472994 1372.5490196078429
473494 1435.1758793969848
473984 1378.4615384615383
474484 1435.1758793969848
474984 1378.894472361809
475494 1434.4827586206895
475994 1400.0
476494 1407.0351758793968
476994 1385.858585858586
477474 1400.0
477994 1433.816425120773
478484 1400.0
478994 1386.1386138613861
479483 1443.2989690721647
479984 1372.0
480483 1442.4242424242425
480984 1372.0
481494 1386.1386138613861
481993 1400.0
482494 1414.141414141414
482984 1400.0
483483 1407.0351758793968
483994 1400.0
484494 1414.141414141414
484994 1407.0351758793968
485495 1407.0351758793968
485994 1393.0348258706467
486494 1407.0351758793968
486994 1414.141414141414
487494 1407.0351758793968
487994 1407.0351758793968
488494 1407.0351758793968
488994 1400.0
489494 1407.0351758793968
489994 1378.894472361809
490494 1400.0
490994 1435.1758793969848
491494 1407.0351758793968
491994 1407.0351758793968
492494 1385.858585858586
492994 1407.0351758793968
493494 1435.1758793969848
493994 1400.0
494494 1385.858585858586
494994 1420.8955223880598
495484 1414.4329896907216
495984 1372.0
496484 1414.141414141414
496984 1407.0351758793968
497494 1434.4827586206895
497994 1385.858585858586
498494 1435.1758793969848
498994 1385.858585858586
499494 1393.0348258706467
499994 1414.141414141414
500494 1435.1758793969848
500994 1407.0351758793968
501494 1414.141414141414
501994 1378.894472361809
502494 1420.8955223880598
502993 1421.3197969543146
503494 1385.858585858586
503994 1428.0
504494 1378.894472361809
504984 1407.179487179487
505484 1428.0
505994 1406.8965517241381
506484 1407.179487179487
506994 1386.1386138613861
507494 1435.1758793969848
507994 1378.894472361809
508494 1400.0
508994 1435.1758793969848
509494 1378.894472361809
509984 1400.0
510484 1414.141414141414
510994 1406.8965517241381
511483 1435.8974358974356
511994 1406.8965517241381
512494 1385.858585858586
512994 1435.1758793969848
513493 1372.0
513994 1414.141414141414
514494 1435.1758793969848
514993 1406.8965517241381
515494 1371.4285714285713
515994 1407.0351758793968
516493 1414.141414141414
516994 1407.0351758793968
517493 1414.141414141414
517994 1400.0
518493 1407.0351758793968
518993 1407.0351758793968
519484 1400.0
519995 1406.8965517241381
520495 1400.0
520993 1414.141414141414
521494 1400.0
521994 1414.141414141414
522484 1400.0
522984 1407.0351758793968
523484 1407.0351758793968
523994 1406.8965517241381
524494 1407.0351758793968
524993 1400.0
525483 1414.4329896907216
525994 1400.0
526494 1407.0351758793968
526994 1400.0
527494 1414.141414141414
527994 1414.141414141414
528494 1407.0351758793968
528994 1407.0351758793968
529494 1372.0
529984 1414.4329896907216
530484 1407.0351758793968
530994 1386.1386138613861
531484 1428.5714285714287
531983 1414.141414141414
532484 1378.894472361809
532994 1400.0
533484 1407.179487179487
533994 1413.8613861386139
534484 1414.4329896907216
534993 1406.8965517241381
535494 1407.0351758793968
535984 1400.0
536494 1406.8965517241381
536984 1407.179487179487
537484 1407.0351758793968
537993 1413.8613861386139
538494 1407.0351758793968
538995 1400.0
539494 1407.0351758793968
539984 1421.761658031088
540483 1400.0
540983 1407.0351758793968
541494 1400.0
541983 1400.0
542484 1407.0351758793968
542984 1407.0351758793968
543494 1420.8955223880598
543984 1407.179487179487
544494 1406.8965517241381
544994 1407.0351758793968
545495 1407.0351758793968
545994 1393.0348258706467
546494 1414.141414141414
546984 1414.4329896907216
547484 1414.141414141414
547994 1400.0
548484 1407.179487179487
548984 1385.858585858586
549494 1393.170731707317
549984 1443.2989690721647
550494 1400.0
550984 1407.179487179487
551484 1378.894472361809
551984 1435.1758793969848
552494 1379.310344827586
552994 1407.0351758793968
553494 1435.1758793969848
553994 1385.858585858586
554484 1400.0
554994 1441.5841584158416
555494 1407.0351758793968
555984 1371.4285714285713
556483 1414.141414141414
556984 1407.0351758793968
557494 1441.5841584158416
557984 1364.467005076142
558483 1414.141414141414
558994 1434.4827586206895
559494 1400.0
559994 1421.3197969543146
560484 1407.179487179487
560984 1414.141414141414
561494 1372.5490196078429
561993 1420.8955223880598
562494 1385.858585858586
562994 1442.4242424242425
563494 1400.0
563994 1378.894472361809
564494 1414.141414141414
564994 1435.1758793969848
565494 1378.894472361809
565994 1414.141414141414
566494 1407.0351758793968
566994 1435.1758793969848
567494 1378.894472361809
567993 1407.0351758793968
568494 1407.0351758793968
568994 1428.0
569494 1365.1741293532339
569994 1414.141414141414
570494 1414.141414141414
570993 1407.0351758793968
571484 1435.8974358974356
571994 1379.310344827586
572484 1400.0
572984 1400.0
573484 1407.0351758793968
573994 1406.8965517241381
574484 1414.4329896907216
574984 1400.0
575494 1413.8613861386139
575994 1407.0351758793968
576484 1400.0
576994 1406.8965517241381
577484 1414.4329896907216
577993 1406.8965517241381
578494 1407.0351758793968
578994 1407.0351758793968
579493 1407.0351758793968
579994 1407.0351758793968
580484 1392.8934010152284
580994 1413.8613861386139
581484 1407.179487179487
581993 1413.8613861386139
582484 1400.0
582983 1406.8965517241381
583494 1385.858585858586
583994 1435.1758793969848
584494 1407.0351758793968
584993 1378.894472361809
585493 1407.0351758793968
585984 1435.8974358974356
586483 1385.858585858586
586994 1406.8965517241381
587494 1428.0
587994 1372.0
588493 1421.3197969543146
588984 1428.5714285714287
589494 1406.8965517241381
589984 1407.179487179487
590494 1372.5490196078429
590993 1449.746192893401
591494 1407.0351758793968
591994 1400.0
592494 1378.894472361809
592984 1378.4615384615383
593484 1435.1758793969848
593994 1406.8965517241381
594494 1407.0351758793968
594994 1378.894472361809
595484 1435.8974358974356
595994 1400.0
596494 1421.3197969543146
596993 1400.0
597494 1407.0351758793968
597994 1378.894472361809
598485 1435.8974358974356
598994 1413.8613861386139
599494 1365.1741293532339
599994 1442.4242424242425
600484 1378.4615384615383
600994 1393.170731707317
601494 1414.141414141414
601994 1435.1758793969848
602494 1378.894472361809
602994 1435.1758793969848
603484 1385.5670103092782
603984 1407.0351758793968
604493 1400.0
604984 1407.179487179487
605494 1406.8965517241381
605994 1400.0
606484 1407.179487179487
606994 1406.8965517241381
607494 1442.4242424242425
607994 1407.0351758793968
608493 1385.858585858586
608994 1400.0
609494 1407.0351758793968
609994 1435.1758793969848
610494 1372.0
610994 1414.141414141414
611494 1414.141414141414
611994 1400.0
612494 1400.0
612983 1407.179487179487
613493 1406.8965517241381
613994 1407.0351758793968
614494 1400.0
614994 1407.0351758793968
615494 1407.0351758793968
615994 1407.0351758793968
616494 1407.0351758793968
616995 1434.4827586206895
617494 1378.4615384615383
617994 1378.894472361809
618494 1435.1758793969848
618994 1400.0
619484 1385.5670103092782
619994 1413.8613861386139
620494 1435.1758793969848
620994 1372.0
621484 1407.179487179487
621984 1414.141414141414
622493 1434.4827586206895
622994 1378.894472361809
623494 1435.1758793969848
623993 1407.0351758793968
624493 1400.0
624993 1385.858585858586
625485 1400.0
625994 1434.4827586206895
626494 1378.894472361809
626994 1428.0
627494 1421.3197969543146
627993 1372.0
628493 1414.141414141414
628984 1421.3197969543146
629494 1379.310344827586
629994 1421.3197969543146
630484 1428.5714285714287
630994 1400.0
631494 1385.858585858586
631994 1428.0
632494 1378.894472361809
632994 1407.0351758793968
633494 1407.0351758793968
633993 1442.4242424242425
634484 1378.4615384615383
634984 1393.0348258706467
635494 1406.8965517241381
635984 1400.0
636494 1448.7562189054727
636994 1385.858585858586
637494 1407.0351758793968
637984 1407.179487179487
638493 1400.0
638994 1407.0351758793968
639494 1414.141414141414
639994 1400.0
640494 1414.141414141414
640984 1428.5714285714287
641494 1379.310344827586
641994 1442.4242424242425
642494 1378.894472361809
642994 1400.0
643494 1400.0
643994 1435.1758793969848
644494 1414.141414141414
644994 1365.1741293532339
645494 1407.0351758793968
645994 1414.141414141414
646494 1400.0
646994 1414.141414141414
647494 1407.0351758793968
647994 1407.0351758793968
648496 1435.1758793969848
648994 1372.0
649494 1414.141414141414
649984 1428.5714285714287
650484 1378.894472361809
650998 1454.9019607843136
651485 1356.7010309278348
651994 1413.8613861386139
652484 1407.179487179487
652984 1400.0
653484 1407.0351758793968
653994 1406.8965517241381
654494 1414.141414141414
654994 1400.0
655494 1407.0351758793968
655993 1378.894472361809
656493 1400.0
656994 1435.1758793969848
657494 1385.858585858586
657994 1407.0351758793968
658494 1407.0351758793968
658993 1378.894472361809
659494 1435.1758793969848
659994 1400.0
660494 1378.894472361809
660994 1407.0351758793968
661494 1407.0351758793968
661995 1407.0351758793968
662494 1407.0351758793968
662994 1372.0
663493 1414.141414141414
663993 1428.0
664494 1378.894472361809
664994 1378.894472361809
665494 1428.0
665994 1400.0
666494 1385.858585858586
666993 1414.141414141414
667493 1407.0351758793968
667994 1407.0351758793968
668494 1400.0
668994 1407.0351758793968
669493 1372.0
669994 1442.4242424242425
670495 1400.0
670994 1378.894472361809
671494 1407.0351758793968
671994 1414.141414141414
672494 1407.0351758793968
672994 1372.0
673494 1400.0
673994 1414.141414141414
674493 1407.0351758793968
674994 1400.0
675493 1400.0
675993 1414.141414141414
676493 1400.0
676993 1378.894472361809
677494 1435.1758793969848
677994 1385.858585858586
678484 1400.0
678984 1414.141414141414
679494 1379.310344827586
679984 1435.8974358974356
680484 1372.0
680994 1379.310344827586
681494 1435.1758793969848
681993 1378.894472361809
682494 1400.0
682994 1442.4242424242425
683494 1414.141414141414
683994 1372.0
684494 1428.0
684993 1421.3197969543146
685494 1372.0
685994 1378.894472361809
686494 1400.0
686993 1378.894472361809
687494 1378.894472361809
687993 1393.0348258706467
688494 1407.0351758793968
688994 1350.753768844221
689494 1435.1758793969848
689994 1407.0351758793968
690494 1372.0
690994 1414.141414141414
691494 1400.0
691983 1414.4329896907216
692494 1400.0
692994 1407.0351758793968
693493 1372.0
693994 1407.0351758793968
694494 1435.1758793969848
694993 1378.894472361809
695494 1407.0351758793968
695994 1407.0351758793968
696494 1414.141414141414
696994 1385.858585858586
697493 1428.0
697994 1385.858585858586
698484 1392.8934010152284
698994 1413.8613861386139
699494 1400.0
699994 1407.0351758793968
700494 1378.894472361809
700994 1407.0351758793968
701494 1435.1758793969848
701994 1378.894472361809
702494 1414.141414141414
702994 1400.0
703494 1407.0351758793968
703984 1407.179487179487
704484 1407.0351758793968
704993 1379.310344827586
705484 1407.179487179487
705993 1406.8965517241381
706494 1407.0351758793968
706994 1407.0351758793968
707484 1407.179487179487
707994 1406.8965517241381
708494 1378.894472361809
708993 1400.0
709494 1407.0351758793968
709994 1407.0351758793968
710494 1407.0351758793968
710994 1407.0351758793968
711493 1407.0351758793968
711994 1372.0
712494 1442.4242424242425
712994 1372.0
713494 1407.0351758793968
713994 1400.0
714484 1414.4329896907216
714994 1372.5490196078429
715494 1414.141414141414
715994 1400.0
716494 1414.141414141414
716994 1414.141414141414
717494 1407.0351758793968
717984 1400.0
718483 1407.0351758793968
718983 1400.0
719483 1414.141414141414
719994 1372.5490196078429
720494 1414.141414141414
720984 1400.0
721484 1407.0351758793968
721983 1400.0
722484 1414.141414141414
722994 1379.310344827586
723494 1400.0
723994 1407.0351758793968
724494 1407.0351758793968
724994 1407.0351758793968
725483 1421.761658031088
725984 1372.0
726494 1406.8965517241381
726993 1407.0351758793968
727484 1407.179487179487
727984 1407.0351758793968
728484 1400.0
728984 1407.0351758793968
729494 1406.8965517241381
729993 1372.0
730484 1407.179487179487
730993 1413.8613861386139
731494 1400.0
731994 1407.0351758793968
732494 1407.0351758793968
732994 1372.0
733494 1407.0351758793968
733994 1435.1758793969848
734494 1378.894472361809
734994 1407.0351758793968
735494 1407.0351758793968
735994 1407.0351758793968
736494 1421.3197969543146
736994 1372.0
737494 1435.1758793969848
737994 1378.894472361809
738494 1414.141414141414
738994 1372.0
739494 1407.0351758793968
739994 1407.0351758793968
740494 1407.0351758793968
740994 1414.141414141414
741494 1435.1758793969848
741994 1372.0
742494 1407.0351758793968
742993 1414.141414141414
743493 1407.0351758793968
743994 1400.0
744494 1372.0
744994 1414.141414141414
745493 1378.894472361809
745993 1407.0351758793968
746495 1435.1758793969848
746994 1378.894472361809
747493 1407.0351758793968
747994 1414.141414141414
748494 1407.0351758793968
748994 1407.0351758793968
749494 1393.0348258706467
749984 1385.5670103092782
750484 1407.0351758793968
750994 1400.0
751494 1414.141414141414
751984 1378.4615384615383
752494 1441.5841584158416
752983 1371.4285714285713
753494 1406.8965517241381
753994 1414.141414141414
754493 1407.0351758793968
754984 1400.0
755484 1400.0
755994 1379.310344827586
756494 1428.0
756994 1385.858585858586
757494 1400.0
757994 1407.0351758793968
758494 1385.858585858586
758994 1435.1758793969848
759493 1407.0351758793968
759994 1365.1741293532339
760494 1421.3197969543146
760994 1400.0
761484 1414.4329896907216
761984 1400.0
762494 1386.1386138613861
762994 1407.0351758793968
763494 1400.0
763995 1435.1758793969848
764494 1378.894472361809
764994 1407.0351758793968
765493 1400.0
765994 1385.858585858586
766494 1414.141414141414
766993 1407.0351758793968
767493 1428.0
767994 1385.858585858586
768483 1400.0
768984 1400.0
769494 1379.310344827586
769993 1407.0351758793968
770493 1435.1758793969848
770984 1378.4615384615383
771493 1427.4509803921567
771994 1385.858585858586
772494 1372.0
772994 1435.1758793969848
773494 1407.0351758793968
773994 1400.0
774494 1407.0351758793968
774994 1421.3197969543146
775493 1372.0
775994 1400.0
776493 1414.141414141414
776984 1378.4615384615383
777494 1427.4509803921567
777984 1371.4285714285713
778483 1407.0351758793968
778994 1406.8965517241381
779484 1407.179487179487
779994 1400.0
780494 1385.858585858586
780984 1428.5714285714287
781494 1379.310344827586
781994 1414.141414141414
782484 1400.0
782993 1406.8965517241381
783484 1414.4329896907216
783994 1406.8965517241381
784484 1371.4285714285713
784984 1435.1758793969848
785494 1406.8965517241381
785984 1378.4615384615383
786494 1406.8965517241381
786994 1378.894472361809
787494 1463.3165829145728
787994 1385.858585858586
788494 1372.0
788994 1449.746192893401
789484 1364.467005076142
789983 1407.0351758793968
790494 1413.8613861386139
790984 1400.0
791494 1379.310344827586
791994 1414.141414141414
792494 1400.0
792994 1407.0351758793968
793484 1371.4285714285713
793984 1428.0
794494 1358.4158415841582
794994 1400.0
795493 1378.894472361809
795994 1393.0348258706467
796494 1421.3197969543146
796994 1407.0351758793968
797494 1407.0351758793968
797983 1378.4615384615383
798493 1406.8965517241381
798994 1414.141414141414
799494 1407.0351758793968
799994 1400.0
800484 1407.179487179487
800984 1414.141414141414
801494 1379.310344827586
801993 1414.141414141414
802494 1400.0
802994 1407.0351758793968
803494 1407.0351758793968
803994 1385.858585858586
804493 1435.1758793969848
804994 1400.0
805485 1371.4285714285713
805993 1413.8613861386139
806484 1428.5714285714287
806994 1379.310344827586
807494 1407.0351758793968
807994 1414.141414141414
808494 1407.0351758793968
808994 1378.894472361809
809494 1407.0351758793968
809994 1407.0351758793968
810494 1407.0351758793968
810994 1407.0351758793968
811484 1407.179487179487
811983 1378.894472361809
812493 1406.8965517241381
812994 1435.1758793969848
813484 1378.4615384615383
813994 1406.8965517241381
814494 1372.0
814994 1414.141414141414
815484 1407.179487179487
815994 1427.4509803921567
816494 1385.858585858586
816994 1393.0348258706467
817493 1385.858585858586
817994 1393.0348258706467
818494 1414.141414141414
818994 1407.0351758793968
819494 1407.0351758793968
819994 1400.0
820493 1407.0351758793968
820994 1414.141414141414
821484 1400.0
821994 1379.310344827586
822494 1407.0351758793968
822993 1414.141414141414
823484 1400.0
823984 1400.0
824493 1386.1386138613861
824993 1442.4242424242425
825484 1371.4285714285713
825994 1427.4509803921567
826484 1378.4615384615383
826993 1413.8613861386139
827493 1407.0351758793968
827984 1407.179487179487
828493 1379.310344827586
828994 1428.0
829494 1414.141414141414
829993 1378.894472361809
830484 1400.0
830994 1420.8955223880598
831484 1400.0
831994 1413.8613861386139
832484 1385.5670103092782
832994 1400.0
833493 1442.4242424242425
833994 1372.0
834484 1407.179487179487
834984 1385.858585858586
835494 1400.0
835984 1414.4329896907216
836484 1428.0
836993 1386.1386138613861
837493 1400.0
837994 1400.0
838493 1385.858585858586
838984 1392.8934010152284
839494 1413.8613861386139
839994 1407.0351758793968
840494 1407.0351758793968
840983 1400.0
841493 1413.8613861386139
841993 1385.858585858586
842484 1407.179487179487
842994 1420.8955223880598
843494 1400.0
843984 1407.179487179487
844493 1400.0
844993 1407.0351758793968
845484 1385.5670103092782
845994 1406.8965517241381
846494 1407.0351758793968
846984 1392.8934010152284
847494 1406.8965517241381
847994 1414.141414141414
848493 1378.894472361809
848994 1435.1758793969848
849493 1372.0
849993 1407.0351758793968
850493 1400.0
850994 1442.4242424242425
851493 1378.894472361809
851994 1400.0
852494 1385.858585858586
852994 1407.0351758793968
853494 1435.1758793969848
853994 1378.894472361809
854494 1400.0
854994 1385.858585858586
855493 1428.0
855994 1407.0351758793968
856494 1414.141414141414
856994 1372.0
857494 1442.4242424242425
857994 1378.894472361809
858493 1407.0351758793968
858994 1407.0351758793968
859494 1407.0351758793968
859993 1378.894472361809
860493 1393.0348258706467
860993 1442.4242424242425
861484 1378.4615384615383
861994 1406.8965517241381
862494 1407.0351758793968
862994 1400.0
863493 1378.894472361809
863994 1393.0348258706467
864494 1414.141414141414
864994 1414.141414141414
865494 1407.0351758793968
865994 1393.0348258706467
866494 1414.141414141414
866993 1407.0351758793968
867493 1407.0351758793968
867984 1400.0
868484 1378.894472361809
868983 1442.4242424242425
869494 1379.310344827586
869994 1414.141414141414
870494 1400.0
870993 1378.894472361809
871493 1435.1758793969848
871995 1372.0
872494 1414.141414141414
872993 1414.141414141414
873494 1400.0
873994 1407.0351758793968
874494 1407.0351758793968
874994 1378.894472361809
875493 1435.1758793969848
875993 1378.894472361809
876494 1407.0351758793968
876993 1407.0351758793968
877494 1407.0351758793968
877994 1407.0351758793968
878484 1371.4285714285713
878993 1434.4827586206895
879483 1378.4615384615383
879994 1406.8965517241381
880494 1378.894472361809
880994 1428.0
881494 1414.141414141414
881994 1378.894472361809
882494 1407.0351758793968
882984 1400.0
883494 1413.8613861386139
883984 1414.4329896907216
884494 1406.8965517241381
884984 1364.467005076142
885493 1441.5841584158416
885994 1378.894472361809
886494 1407.0351758793968
886994 1414.141414141414
887483 1400.0
887994 1406.8965517241381
888484 1407.179487179487
888994 1393.0348258706467
889493 1400.0
889993 1400.0
890494 1407.0351758793968
890993 1378.894472361809
891494 1442.4242424242425
891994 1378.894472361809
892484 1421.3197969543146
892994 1393.0348258706467
893494 1435.1758793969848
893993 1372.0
894484 1414.4329896907216
894994 1400.0
895493 1378.894472361809
895994 1400.0
896493 1414.141414141414
896994 1400.0
897494 1407.0351758793968
897984 1407.179487179487
898484 1407.0351758793968
898983 1414.141414141414
899494 1372.5490196078429
899994 1442.4242424242425
900484 1364.467005076142
900994 1406.8965517241381
901494 1400.0
901984 1414.4329896907216
902494 1406.8965517241381
902994 1378.894472361809
903493 1407.0351758793968
903984 1435.8974358974356
904494 1372.5490196078429
904984 1407.179487179487
905494 1379.310344827586
905983 1435.8974358974356
906484 1378.894472361809
906994 1400.0
907484 1414.4329896907216
907994 1406.8965517241381
908483 1400.0
908994 1413.8613861386139
909493 1400.0
909994 1378.894472361809
910484 1400.0
910994 1434.4827586206895
911494 1385.858585858586
911983 1407.179487179487
912493 1406.8965517241381
912994 1407.0351758793968
913494 1400.0
913994 1378.894472361809
914494 1407.0351758793968
914984 1407.179487179487
915494 1406.8965517241381
915994 1407.0351758793968
916493 1414.141414141414
916994 1372.0
917494 1414.141414141414
917983 1400.0
918493 1413.8613861386139
918983 1407.179487179487
919493 1406.8965517241381
919993 1378.894472361809
920494 1435.1758793969848
920994 1393.0348258706467
921484 1414.4329896907216
921984 1407.0351758793968
922493 1379.310344827586
922984 1407.179487179487
923484 1407.0351758793968
923993 1406.8965517241381
924493 1372.0
924984 1400.0
925494 1413.8613861386139
925984 1407.179487179487
926484 1407.0351758793968
926984 1407.0351758793968
927494 1372.5490196078429
927993 1414.141414141414
928493 1435.1758793969848
928993 1385.858585858586
929484 1378.4615384615383
929994 1441.5841584158416
930494 1385.858585858586
930993 1400.0
931493 1407.0351758793968
931994 1407.0351758793968
932483 1407.179487179487
932994 1406.8965517241381
933494 1407.0351758793968
933993 1372.0
934483 1414.4329896907216
934994 1427.4509803921567
935494 1365.1741293532339
935994 1414.141414141414
936494 1407.0351758793968
936994 1400.0
937484 1414.4329896907216
937994 1400.0
938484 1378.4615384615383
938994 1413.8613861386139
939494 1428.0
939993 1385.858585858586
940494 1407.0351758793968
940994 1400.0
941494 1385.858585858586
941993 1428.0
942494 1414.141414141414
942994 1385.858585858586
943494 1393.0348258706467
943994 1414.141414141414
944494 1400.0
944994 1400.0
945493 1392.8934010152284
945994 1407.0351758793968
946493 1407.0351758793968
946994 1393.0348258706467
947494 1414.141414141414
947993 1407.0351758793968
948494 1407.0351758793968
948994 1414.141414141414
949494 1372.0
949993 1435.1758793969848
950494 1372.0
950994 1407.0351758793968
951493 1414.141414141414
951994 1407.0351758793968
952494 1414.141414141414
952994 1407.0351758793968
953493 1372.0
953993 1407.0351758793968
954493 1400.0
954994 1407.0351758793968
955494 1407.0351758793968
955993 1407.0351758793968
956494 1414.141414141414
956984 1407.179487179487
957493 1379.310344827586
957994 1435.1758793969848
958484 1393.0348258706467
958984 1392.746113989637
959494 1406.8965517241381
959984 1407.179487179487
960494 1365.8536585365853
960994 1414.141414141414
961493 1407.0351758793968
961984 1407.179487179487
962494 1413.8613861386139
962994 1407.0351758793968
963493 1378.894472361809
963994 1435.1758793969848
964494 1378.894472361809
964994 1414.141414141414
965494 1393.0348258706467
965994 1407.0351758793968
966494 1414.141414141414
966994 1407.0351758793968
967484 1400.0
967993 1386.1386138613861
968493 1407.0351758793968
968994 1407.0351758793968
969494 1407.0351758793968
969994 1414.141414141414
970484 1400.0
970983 1407.0351758793968
971493 1372.5490196078429
971994 1400.0
972484 1407.179487179487
972994 1400.0
973483 1414.4329896907216
973994 1406.8965517241381
974493 1407.0351758793968
974994 1372.0
975494 1385.858585858586
975994 1393.0348258706467
976494 1435.1758793969848
976984 1385.5670103092782
977494 1406.8965517241381
977984 1407.179487179487
978493 1379.310344827586
978994 1400.0
979494 1435.1758793969848
979994 1372.0
980494 1414.141414141414
980993 1393.0348258706467
981493 1407.0351758793968
981994 1414.141414141414
982484 1385.5670103092782
982994 1434.4827586206895
983494 1378.894472361809
983994 1393.0348258706467
984494 1407.0351758793968
984994 1414.141414141414
985493 1393.0348258706467
985994 1414.141414141414
986494 1407.0351758793968
986984 1407.179487179487
987484 1372.0
987994 1413.8613861386139
988494 1393.0348258706467
988994 1407.0351758793968
989493 1378.894472361809
989994 1428.0
990494 1414.141414141414
990994 1378.894472361809
991484 1407.179487179487
991994 1400.0
992494 1463.3165829145728
992994 1364.467005076142
993494 1378.894472361809
993994 1442.4242424242425
994493 1372.0
994993 1407.0351758793968
995494 1407.0351758793968
995994 1372.0
996494 1449.746192893401
996983 1378.4615384615383
997493 1434.4827586206895
997993 1407.0351758793968
998494 1378.894472361809
998994 1407.0351758793968
999494 1407.0351758793968
999994 1400.0
1000494 1372.0
1000993 1400.0
1001494 1407.0351758793968
1001994 1414.141414141414
1002493 1414.141414141414
1002993 1400.0
1003484 1378.4615384615383
1003984 1442.4242424242425
1004493 1372.5490196078429
1004993 1414.141414141414
1005494 1400.0
1005993 1407.0351758793968
1006494 1407.0351758793968
1006994 1407.0351758793968
1007494 1378.894472361809
1007984 1407.179487179487
1008494 1427.4509803921567
1008994 1378.894472361809
1009494 1414.141414141414
1009994 1407.0351758793968
1010484 1392.8934010152284
1010994 1393.0348258706467
1011484 1392.8934010152284
1011994 1406.8965517241381
1012494 1414.141414141414
1012994 1407.0351758793968
1013483 1400.0
1013984 1392.8934010152284
1014494 1427.4509803921567
1014983 1378.4615384615383
1015484 1407.0351758793968
1015994 1400.0
1016484 1407.179487179487
1016984 1400.0
1017483 1407.0351758793968
1017984 1407.0351758793968
1018494 1379.310344827586
1018983 1407.179487179487
1019494 1413.8613861386139
1019993 1400.0
1020493 1414.141414141414
1020993 1378.894472361809
1021494 1407.0351758793968
1021994 1428.0
1022495 1385.858585858586
1022994 1400.0
1023493 1372.0
1023994 1442.4242424242425
1024494 1365.1741293532339
1024994 1407.0351758793968
1025493 1407.0351758793968
1025994 1414.141414141414
1026494 1463.3165829145728
1026993 1322.613065326633
1027494 1400.0
1027994 1414.141414141414
1028494 1428.0
1028994 1378.894472361809
1029483 1414.4329896907216
1029994 1406.8965517241381
1030484 1414.4329896907216
1030994 1406.8965517241381
1031484 1400.0
1031994 1413.8613861386139
1032493 1407.0351758793968
1032984 1371.4285714285713
1033494 1406.8965517241381
1033994 1407.0351758793968
1034494 1400.0
1034994 1414.141414141414
1035494 1372.0
1035994 1407.0351758793968
1036494 1414.141414141414
1036994 1407.0351758793968
1037483 1407.179487179487
1037984 1407.0351758793968
1038484 1372.0
1038994 1427.4509803921567
1039483 1421.761658031088
1039994 1379.310344827586
1040494 1400.0
1040993 1407.0351758793968
1041483 1414.4329896907216
1041994 1400.0
1042494 1414.141414141414
1042984 1378.4615384615383
1043484 1400.0
1043993 1406.8965517241381
1044483 1407.179487179487
1044994 1413.8613861386139
1045493 1414.141414141414
1045983 1371.4285714285713
1046493 1413.8613861386139
1046984 1400.0
1047494 1406.8965517241381
1047993 1407.0351758793968
1048484 1407.179487179487
1048994 1406.8965517241381
1049494 1407.0351758793968
1049994 1378.894472361809
1050493 1407.0351758793968
1050993 1435.1758793969848
1051494 1385.858585858586
1051994 1400.0
1052494 1407.0351758793968
1052994 1378.894472361809
