0 248.88888888888889
498 1391.9075144508668
997 565.6565656565656
1497 0.0
1998 0.0
2497 0.0
2997 0.0
3508 0.0
3998 0.0
4498 365.8291457286432
4997 0.0
5498 0.0
5998 0.0
6498 0.0
6998 0.0
7498 0.0
7998 619.0954773869347
8498 1435.1758793969848
8998 1385.858585858586
9497 1400.0
9998 1378.894472361809
10498 1428.0
10997 1392.8934010152284
11497 1435.1758793969848
11998 1372.0
12498 1407.0351758793968
12997 1421.3197969543146
13498 1378.894472361809
13998 1407.0351758793968
14498 1414.141414141414
14998 1400.0
15497 1407.0351758793968
15997 1372.0
16498 1407.0351758793968
16998 1407.0351758793968
17498 1407.0351758793968
17998 1407.0351758793968
18498 1378.894472361809
18997 1407.0351758793968
19497 1400.0
19997 1407.0351758793968
20498 1385.858585858586
20998 1400.0
21498 1407.0351758793968
21998 1414.141414141414
22498 1400.0
22997 1378.894472361809
23498 1400.0
23997 1407.0351758793968
24488 1407.179487179487
24997 1413.8613861386139
25497 1372.0
25998 1400.0
26498 1407.0351758793968
26997 1407.0351758793968
27498 1250.761421319797
27998 0.0
28497 0.0
28997 0.0
29498 0.0
29998 0.0
30498 0.0
30998 447.99999999999994
31498 1400.0
31998 1414.141414141414
32498 1400.0
32997 1385.858585858586
33497 1428.0
33997 1385.858585858586
34497 876.7676767676768
34997 0.0
35497 0.0
35997 0.0
36498 0.0
36998 0.0
37497 0.0
37998 0.0
38497 0.0
38998 0.0
39498 369.5431472081218
39997 0.0
40498 0.0
40997 0.0
41497 0.0
41997 0.0
42497 0.0
42997 0.0
43498 0.0
43997 197.97979797979795
44487 1428.5714285714287
44997 1386.1386138613861
45498 1414.141414141414
45998 1372.0
46497 1442.4242424242425
46998 1378.894472361809
47497 1407.0351758793968
47997 1435.1758793969848
48498 1378.894472361809
48998 1414.141414141414
49497 1378.894472361809
49998 1421.3197969543146
50497 1378.894472361809
50998 1428.0
51497 1414.141414141414
51997 1372.0
52498 1407.0351758793968
52997 1407.0351758793968
53498 1435.1758793969848
53997 1378.894472361809
54497 1407.0351758793968
54997 1414.141414141414
55497 1400.0
55997 1372.0
56497 1414.141414141414
56997 1407.0351758793968
57497 1407.0351758793968
57997 1378.894472361809
58497 1407.0351758793968
58997 1407.0351758793968
59488 1407.179487179487
59997 1406.8965517241381
60498 1414.141414141414
60997 1400.0
61498 1407.0351758793968
61998 1385.858585858586
62498 1428.0
62997 1385.858585858586
63497 1407.0351758793968
63997 1372.0
64497 1372.0
64997 1378.894472361809
65497 1407.0351758793968
65997 1372.0
66497 1378.894472361809
66997 1372.0
67497 1378.894472361809
67997 1400.0
68498 1407.0351758793968
68997 1350.753768844221
69497 1407.0351758793968
69997 1372.0
70498 1372.0
70998 1372.0
71497 1463.3165829145728
71997 1322.613065326633
72497 1372.0
72997 1378.894472361809
73497 1372.0
73997 1414.141414141414
74498 1378.894472361809
74997 1407.0351758793968
75497 1372.0
75997 1372.0
76497 1372.0
76998 1400.0
77497 1378.894472361809
77998 1407.0351758793968
78487 1407.179487179487
78998 1379.310344827586
79498 1393.0348258706467
79998 1385.858585858586
80497 1435.1758793969848
80997 1378.894472361809
81497 1435.1758793969848
81998 1407.0351758793968
82497 1385.858585858586
82997 1400.0
83498 1407.0351758793968
83998 1407.0351758793968
84498 1378.894472361809
84997 1407.0351758793968
85498 1407.0351758793968
85997 1407.0351758793968
86498 1372.0
86997 1407.0351758793968
87498 1414.141414141414
87997 1414.141414141414
88498 1407.0351758793968
88997 1407.0351758793968
89497 1428.0
89998 1378.894472361809
90498 1372.0
90997 1414.141414141414
91497 1407.0351758793968
91998 1414.141414141414
92497 1407.0351758793968
92998 1400.0
93497 1407.0351758793968
93997 1378.894472361809
94498 1435.1758793969848
94997 1407.0351758793968
95488 1385.5670103092782
95997 1400.0
96497 1414.141414141414
96987 1378.4615384615383
97497 1406.8965517241381
97998 1435.1758793969848
98488 1371.4285714285713
98998 1406.8965517241381
99497 1421.3197969543146
99998 1400.0
100498 1407.0351758793968
100997 1407.0351758793968
101498 1385.858585858586
101997 1400.0
102498 1407.0351758793968
102998 1400.0
103498 1414.141414141414
103997 1407.0351758793968
104487 1378.4615384615383
104998 1427.4509803921567
105488 1407.179487179487
105997 1379.310344827586
106487 1414.4329896907216
106997 1406.8965517241381
107497 1378.894472361809
107988 1435.8974358974356
108498 1400.0
108997 1385.858585858586
109497 1407.0351758793968
109997 1400.0
110498 1421.3197969543146
110998 1400.0
111497 1378.894472361809
111997 1449.746192893401
112488 1371.4285714285713
112998 1413.8613861386139
113497 1400.0
113997 1407.0351758793968
114497 1400.0
114997 1414.141414141414
115498 1372.0
115998 1428.0
116497 1407.0351758793968
116997 1385.858585858586
117497 1400.0
117997 1414.141414141414
118497 1372.0
118998 1428.0
119497 1414.141414141414
119987 1407.179487179487
120497 1386.1386138613861
120997 1385.858585858586
121497 1435.1758793969848
121998 1400.0
122497 1378.894472361809
122997 1407.0351758793968
123487 1407.179487179487
123997 1406.8965517241381
124487 1407.179487179487
124997 1413.8613861386139
125497 1400.0
125987 1378.4615384615383
126497 1393.170731707317
126998 1407.0351758793968
127498 1407.0351758793968
127997 1414.141414141414
128498 1400.0
128998 1378.894472361809
129488 1400.0
129987 1435.1758793969848
130497 1379.310344827586
130997 1407.0351758793968
131497 1414.141414141414
131998 1407.0351758793968
132498 1407.0351758793968
132998 1407.0351758793968
133498 1407.0351758793968
133998 1414.141414141414
134498 1372.0
134998 1414.141414141414
135498 1400.0
135998 1414.141414141414
136498 1407.0351758793968
136997 1414.141414141414
137498 1407.0351758793968
137997 1385.858585858586
138498 1372.0
138997 1407.0351758793968
139497 1435.1758793969848
139998 1350.753768844221
140498 1400.0
140998 1414.141414141414
141488 1407.179487179487
141997 1400.0
142497 1414.141414141414
142998 1407.0351758793968
143497 1414.141414141414
143987 1400.0
144497 1406.8965517241381
144997 1372.0
145498 1435.1758793969848
145998 1385.858585858586
146497 1414.141414141414
146997 1407.0351758793968
147498 1400.0
147998 1414.141414141414
148498 1407.0351758793968
148998 1372.0
149497 1407.0351758793968
149998 1407.0351758793968
150498 1414.141414141414
150997 1400.0
151498 1407.0351758793968
151998 1385.858585858586
152497 1407.0351758793968
152997 1435.1758793969848
153497 1378.894472361809
153998 1400.0
154497 1407.0351758793968
154997 1378.894472361809
155497 1435.1758793969848
155997 1407.0351758793968
156497 1378.894472361809
156997 1400.0
157497 1414.141414141414
157997 1378.894472361809
158497 1435.1758793969848
158997 1407.0351758793968
159497 1378.894472361809
159997 1435.1758793969848
160497 1378.894472361809
160997 1393.0348258706467
161497 1407.0351758793968
161998 1414.141414141414
162497 1372.0
162998 1407.0351758793968
163498 1407.0351758793968
163997 1449.746192893401
164497 1378.894472361809
164997 1400.0
165497 1400.0
165997 1407.0351758793968
166497 1407.0351758793968
166997 1385.858585858586
167497 1400.0
167997 1414.141414141414
168498 1400.0
168997 1385.858585858586
169498 1428.0
169998 1378.894472361809
170497 1407.0351758793968
170997 1400.0
171497 1407.0351758793968
171998 1407.0351758793968
172498 1407.0351758793968
172997 1400.0
173497 1421.3197969543146
173998 1407.0351758793968
174498 1407.0351758793968
174997 1385.858585858586
175498 1407.0351758793968
175997 1407.0351758793968
176497 1378.894472361809
176987 1428.5714285714287
177497 1372.5490196078429
177998 1414.141414141414
178498 1400.0
178997 1414.141414141414
179488 1407.179487179487
179997 1372.5490196078429
180497 1414.141414141414
180987 1400.0
181498 1434.4827586206895
181998 1378.894472361809
182498 1414.141414141414
182998 1407.0351758793968
183497 1414.141414141414
183997 1372.0
184497 1442.4242424242425
184997 1385.858585858586
185497 1400.0
185997 1414.141414141414
186498 1400.0
186987 1378.4615384615383
187498 1413.8613861386139
187998 1428.0
188498 1407.0351758793968
188998 1378.894472361809
189498 1400.0
189998 1414.141414141414
190497 1400.0
190998 1414.141414141414
191497 1378.894472361809
191998 1407.0351758793968
192497 1400.0
192997 1407.0351758793968
193498 1385.858585858586
193997 1428.0
194497 1414.141414141414
194997 1372.0
195498 1428.0
195997 1378.894472361809
196498 1378.894472361809
196997 1407.0351758793968
197497 1414.141414141414
197997 1414.141414141414
198497 1428.0
198997 1385.858585858586
199497 1372.0
199997 1435.1758793969848
200497 1414.141414141414
200997 1365.1741293532339
201497 1414.141414141414
201997 1400.0
202497 1407.0351758793968
202997 1378.894472361809
203497 1435.1758793969848
203998 1400.0
204497 1372.0
204997 1414.141414141414
205497 1421.3197969543146
205997 1400.0
206497 1378.894472361809
206998 1414.141414141414
207497 1400.0
207997 1435.1758793969848
208497 1378.894472361809
208997 1414.141414141414
209497 1407.0351758793968
209998 1378.894472361809
210498 1428.0
210997 1385.858585858586
211497 1420.8955223880598
211987 1378.4615384615383
212497 1406.8965517241381
212997 1414.141414141414
213487 1392.8934010152284
213998 1386.1386138613861
214498 1407.0351758793968
214997 1414.141414141414
215497 1400.0
215997 1407.0351758793968
216497 1414.141414141414
216997 1400.0
217487 1414.4329896907216
217987 1378.894472361809
218498 1400.0
218998 1414.141414141414
219498 1407.0351758793968
219997 1407.0351758793968
220497 1372.0
220997 1421.3197969543146
221497 1400.0
221997 1400.0
222497 1414.141414141414
222997 1400.0
223497 1378.894472361809
223997 1435.1758793969848
224497 1385.858585858586
224997 1407.0351758793968
225488 1407.179487179487
225998 1400.0
226497 1414.141414141414
226987 1407.179487179487
227497 1400.0
227987 1378.4615384615383
228497 1434.4827586206895
228997 1385.858585858586
229497 1393.0348258706467
229997 1414.141414141414
230497 1378.894472361809
230998 1428.0
231488 1371.4285714285713
231998 1413.8613861386139
232497 1400.0
232997 1378.894472361809
233488 1407.179487179487
233997 1386.1386138613861
234497 1407.0351758793968
234998 1407.0351758793968
235497 1414.141414141414
235997 1407.0351758793968
236498 1372.0
236997 1385.858585858586
237498 1407.0351758793968
237997 1400.0
238498 1378.894472361809
238997 1407.0351758793968
239488 1428.5714285714287
239997 1386.1386138613861
240497 1400.0
240997 1378.894472361809
241497 1414.141414141414
241997 1407.0351758793968
242497 1407.0351758793968
242997 1414.141414141414
243497 1407.0351758793968
243997 1378.894472361809
244498 1407.0351758793968
244987 1400.0
245498 1413.8613861386139
245997 1372.0
246498 1421.3197969543146
246997 1407.0351758793968
247497 1420.8955223880598
247997 1407.0351758793968
248487 1414.4329896907216
248997 1379.310344827586
249498 1414.141414141414
249997 1350.753768844221
250498 1428.0
250997 1385.858585858586
251497 1378.894472361809
251997 1407.0351758793968
252497 1400.0
252997 1378.894472361809
253497 1400.0
253997 1365.1741293532339
254497 1385.858585858586
254998 1378.894472361809
255497 1400.0
255998 1378.894472361809
256497 1400.0
256998 1372.0
257497 1407.0351758793968
257997 1378.894472361809
258498 1372.0
258997 1407.0351758793968
259498 1365.1741293532339
259997 1414.141414141414
260497 1350.753768844221
260997 1435.1758793969848
261497 1378.894472361809
261998 1435.1758793969848
262497 1372.0
262987 1407.179487179487
263498 1400.0
263977 1414.7368421052631
264498 1400.0
264998 1400.0
265497 1378.894472361809
265997 1407.0351758793968
266487 1407.179487179487
266998 1400.0
267497 1407.0351758793968
267997 1414.141414141414
268497 1378.894472361809
268997 1407.0351758793968
269497 1414.141414141414
269997 1400.0
270497 1407.0351758793968
270997 1414.141414141414
271497 1393.0348258706467
271997 1407.0351758793968
272497 1407.0351758793968
272997 1400.0
273497 1414.141414141414
273997 1378.894472361809
274497 1372.0
274997 1442.4242424242425
275498 1407.0351758793968
275997 1414.141414141414
276497 1385.858585858586
276997 1407.0351758793968
277497 1400.0
277998 1407.0351758793968
278498 1400.0
278997 1385.858585858586
279497 1407.0351758793968
279997 1435.1758793969848
280497 1385.858585858586
280998 1400.0
281498 1407.0351758793968
281997 1385.858585858586
282497 1435.1758793969848
282997 1378.894472361809
283497 1400.0
283997 1414.141414141414
284487 1400.0
284997 1413.8613861386139
285497 1407.0351758793968
285988 1400.0
286497 1379.310344827586
286997 1414.141414141414
287498 1428.0
287997 1407.0351758793968
288497 1372.0
288997 1414.141414141414
289497 1407.0351758793968
289997 1393.0348258706467
290498 1414.141414141414
290997 1385.858585858586
291487 1428.5714285714287
291997 1386.1386138613861
292497 1407.0351758793968
292997 1378.894472361809
293497 1428.0
293997 1378.894472361809
294497 1414.141414141414
294997 1400.0
295497 1400.0
295998 1400.0
296497 1421.3197969543146
296997 1400.0
297497 1385.858585858586
297998 1420.8955223880598
298498 1385.858585858586
298997 1400.0
299497 1407.0351758793968
299997 1407.0351758793968
300497 1407.0351758793968
300998 1407.0351758793968
301498 1400.0
301998 1378.894472361809
302498 1407.0351758793968
302998 1407.0351758793968
303498 1400.0
303997 1414.141414141414
304497 1407.0351758793968
304997 1385.858585858586
305497 1414.141414141414
305998 1393.0348258706467
306498 1407.0351758793968
306997 1407.0351758793968
307488 1407.179487179487
307988 1400.0
308497 1379.310344827586
308998 1442.4242424242425
309498 1378.894472361809
309997 1407.0351758793968
310498 1378.894472361809
310998 1435.1758793969848
311497 1378.894472361809
311997 1407.0351758793968
312497 1435.1758793969848
312987 1385.5670103092782
313497 1393.170731707317
313987 1414.4329896907216
314498 1400.0
314998 1414.141414141414
315498 1378.894472361809
315998 1400.0
316497 1414.141414141414
316997 1400.0
317497 1414.141414141414
317997 1400.0
318497 1414.141414141414
318997 1400.0
319497 1385.858585858586
319997 1400.0
320497 1407.0351758793968
320997 1407.0351758793968
321498 1385.858585858586
321997 1400.0
322497 1435.1758793969848
322997 1378.894472361809
323497 1414.141414141414
323997 1400.0
324497 1385.858585858586
324997 1435.1758793969848
325498 1400.0
325997 1414.141414141414
326498 1365.1741293532339
326998 1407.0351758793968
327498 1407.0351758793968
327997 1407.0351758793968
328498 1407.0351758793968
328997 1372.0
329498 1414.141414141414
329998 1400.0
330498 1414.141414141414
330997 1414.141414141414
331497 1378.894472361809
331987 1407.179487179487
332497 1434.4827586206895
332997 1407.0351758793968
333497 1372.0
333997 1378.894472361809
334497 1435.1758793969848
334997 1414.141414141414
335497 1378.894472361809
335997 1407.0351758793968
336497 1407.0351758793968
336997 1400.0
337497 1378.894472361809
337997 1400.0
338497 1442.4242424242425
338997 1378.894472361809
339498 1428.0
339997 1378.894472361809
340497 1400.0
340997 1414.141414141414
341497 1407.0351758793968
341997 1407.0351758793968
342497 1400.0
342997 1385.858585858586
343487 1400.0
344009 1413.333333333333
344497 1378.0104712041884
344998 1428.0
345497 1372.0
345997 1407.0351758793968
346497 1414.141414141414
346997 1407.0351758793968
347497 1407.0351758793968
347998 1407.0351758793968
348497 1372.0
348998 1442.4242424242425
349487 1385.5670103092782
349997 1400.0
350497 1414.141414141414
350998 1414.141414141414
351487 1407.179487179487
351987 1407.0351758793968
352497 1372.5490196078429
352987 1400.0
353498 1406.8965517241381
353997 1407.0351758793968
354487 1378.4615384615383
354997 1400.0
355498 1407.0351758793968
355998 1442.4242424242425
356498 1378.894472361809
356998 1414.141414141414
357498 1400.0
357998 1407.0351758793968
358497 1414.141414141414
358997 1372.0
359497 1435.1758793969848
359998 1378.894472361809
360497 1400.0
360998 1414.141414141414
361497 1400.0
361998 1407.0351758793968
362497 1400.0
362987 1414.4329896907216
363497 1379.310344827586
363997 1365.1741293532339
364497 1407.0351758793968
364997 1378.894472361809
365497 1407.0351758793968
365997 1414.141414141414
366497 1407.0351758793968
366997 1400.0
367497 1414.141414141414
367997 1372.0
368497 1407.0351758793968
368997 1435.1758793969848
369497 1378.894472361809
369997 1407.0351758793968
370498 1407.0351758793968
370998 1407.0351758793968
371497 1378.894472361809
371997 1407.0351758793968
372498 1414.141414141414
372997 1400.0
373487 1414.4329896907216
373997 1400.0
374498 1407.0351758793968
374997 1414.141414141414
375497 1385.858585858586
375998 1435.1758793969848
376498 1400.0
376998 1372.0
377497 1414.141414141414
377997 1463.3165829145728
378497 1357.5757575757575
378997 1372.0
379498 1435.1758793969848
379997 1378.894472361809
380497 1414.141414141414
380997 1400.0
381498 1407.0351758793968
381997 1421.3197969543146
382498 1372.0
382997 1400.0
383497 1378.894472361809
383997 1372.0
384497 1407.0351758793968
384997 1378.894472361809
385497 1372.0
385998 1400.0
386497 1385.858585858586
386997 1407.0351758793968
387498 1378.894472361809
387997 1378.894472361809
388497 1400.0
388997 1378.894472361809
389497 1365.1741293532339
389997 1414.141414141414
390497 1365.1741293532339
390997 1407.0351758793968
391497 1407.0351758793968
391997 1372.0
392497 1378.894472361809
392997 1372.0
393498 1407.0351758793968
393997 1378.894472361809
394497 1400.0
394998 1372.0
395497 1407.0351758793968
395997 1372.0
396497 1414.141414141414
396997 1365.1741293532339
397498 1407.0351758793968
397997 1372.0
398498 1378.894472361809
398997 1407.0351758793968
399498 1372.0
399997 1407.0351758793968
400497 1378.894472361809
400997 1385.858585858586
401497 1400.0
401997 1372.0
402497 1407.0351758793968
402997 1372.0
403497 1400.0
403997 1378.894472361809
404497 1372.0
404998 1400.0
405497 1378.894472361809
405997 1407.0351758793968
406497 1378.894472361809
406998 1372.0
407497 1378.894472361809
407997 1407.0351758793968
408497 1378.894472361809
408997 1407.0351758793968
409497 1372.0
409997 1400.0
410497 1385.858585858586
410997 1372.0
411497 1435.1758793969848
411997 1428.0
412498 1329.292929292929
412997 1378.894472361809
413497 1400.0
413997 1372.0
414497 1372.0
414997 1414.141414141414
415498 1372.0
415997 1393.0348258706467
416497 1378.894472361809
416997 1400.0
417498 1385.858585858586
417997 1400.0
418497 1378.894472361809
418997 1365.1741293532339
419497 1414.141414141414
419997 1400.0
420497 1350.753768844221
420997 1400.0
421497 1414.141414141414
421998 1407.0351758793968
422497 1378.894472361809
422997 1435.1758793969848
423497 1378.894472361809
423997 1414.141414141414
424487 1400.0
424997 1400.0
425497 1378.894472361809
425997 1442.4242424242425
426488 1378.4615384615383
426998 1420.4878048780488
427497 1385.858585858586
427997 1407.0351758793968
428497 1407.0351758793968
428997 1400.0
429497 1400.0
429997 1400.0
430497 1393.0348258706467
430997 1385.858585858586
431497 1435.1758793969848
431997 1407.0351758793968
432497 1407.0351758793968
432997 1372.0
433497 1407.0351758793968
433988 1407.179487179487
434498 1413.8613861386139
434998 1407.0351758793968
435497 1414.141414141414
435997 1400.0
436498 1407.0351758793968
436997 1407.0351758793968
437497 1378.894472361809
437997 1407.0351758793968
438497 1407.0351758793968
438997 1400.0
439497 1407.0351758793968
439998 1378.894472361809
440497 1414.141414141414
440997 1400.0
441497 1414.141414141414
441997 1400.0
442497 1372.0
442987 1414.4329896907216
443497 1406.8965517241381
443997 1407.0351758793968
444497 1372.0
444997 1435.1758793969848
445497 1407.0351758793968
445997 1442.4242424242425
446487 1349.7435897435896
446998 1406.8965517241381
447498 1407.0351758793968
447987 1407.179487179487
448497 1386.1386138613861
448987 1407.179487179487
449487 1407.0351758793968
449997 1406.8965517241381
450497 1414.141414141414
450997 1407.0351758793968
451498 1400.0
451997 1400.0
452498 1414.141414141414
452997 1400.0
453498 1372.0
453998 1421.3197969543146
454497 1393.0348258706467
454997 1385.858585858586
455497 1428.0
455997 1385.858585858586
456498 1400.0
456997 1385.858585858586
457487 1400.0
457997 1434.4827586206895
458498 1378.894472361809
458997 1400.0
459497 1385.858585858586
459997 1428.0
460497 1385.858585858586
460997 1442.4242424242425
461497 1372.0
461997 1407.0351758793968
462498 1407.0351758793968
462997 1407.0351758793968
463487 1378.4615384615383
463997 1406.8965517241381
464497 1414.141414141414
464997 1414.141414141414
465497 1407.0351758793968
465997 1414.141414141414
466497 1407.0351758793968
466998 1378.894472361809
467497 1407.0351758793968
467988 1435.8974358974356
468498 1400.0
468997 1378.894472361809
469497 1414.141414141414
469997 1407.0351758793968
470497 1407.0351758793968
470997 1407.0351758793968
471497 1365.1741293532339
471998 1407.0351758793968
472497 1414.141414141414
472987 1407.179487179487
473497 1400.0
473987 1400.0
474497 1413.8613861386139
474997 1378.894472361809
475498 1400.0
475997 1400.0
476487 1414.4329896907216
476997 1413.8613861386139
477498 1400.0
477998 1407.0351758793968
478498 1414.141414141414
478997 1372.0
479497 1414.141414141414
479998 1400.0
480487 1385.5670103092782
480997 1434.4827586206895
481487 1378.4615384615383
481987 1407.0351758793968
482488 1407.0351758793968
482998 1406.8965517241381
483497 1407.0351758793968
483987 1414.4329896907216
484487 1407.0351758793968
484997 1372.5490196078429
485487 1407.179487179487
485987 1414.141414141414
486487 1407.0351758793968
486997 1406.8965517241381
487497 1407.0351758793968
487998 1378.894472361809
488497 1435.1758793969848
488997 1372.0
489498 1435.1758793969848
489997 1407.0351758793968
490497 1378.894472361809
490997 1400.0
491497 1414.141414141414
491997 1378.894472361809
492497 1407.0351758793968
492987 1400.0
493497 1413.8613861386139
493997 1407.0351758793968
494497 1400.0
494997 1414.141414141414
495497 1378.894472361809
495997 1400.0
496497 1400.0
496997 1407.0351758793968
497497 1414.141414141414
497998 1393.0348258706467
498498 1385.858585858586
498998 1428.0
499497 1378.894472361809
499998 1414.141414141414
500497 1400.0
500997 1414.141414141414
501497 1393.0348258706467
501987 1414.4329896907216
502497 1400.0
502988 1385.5670103092782
503497 1434.4827586206895
503997 1378.894472361809
504487 1407.179487179487
504998 1400.0
505497 1385.858585858586
505997 1407.0351758793968
506497 1400.0
506998 1407.0351758793968
507497 1421.3197969543146
507998 1372.0
508498 1442.4242424242425
508997 1407.0351758793968
509497 1372.0
509997 1421.3197969543146
510488 1400.0
510987 1372.0
511497 1427.4509803921567
511997 1414.141414141414
512487 1371.4285714285713
512987 1407.0351758793968
513487 1407.0351758793968
513987 1378.894472361809
514487 1470.707070707071
514997 1345.0980392156862
515498 1407.0351758793968
515997 1421.3197969543146
516497 1400.0
516997 1407.0351758793968
517497 1407.0351758793968
517997 1407.0351758793968
518497 1400.0
518997 1378.894472361809
519498 1435.1758793969848
519997 1372.0
520497 1407.0351758793968
520997 1407.0351758793968
521498 1385.858585858586
521997 1420.8955223880598
522498 1414.141414141414
522998 1400.0
523497 1378.894472361809
523997 1414.141414141414
524497 1407.0351758793968
524998 1372.0
525497 1435.1758793969848
525997 1400.0
526497 1378.894472361809
526997 1414.141414141414
527497 1407.0351758793968
527997 1407.0351758793968
528498 1407.0351758793968
528997 1407.0351758793968
529487 1378.4615384615383
529997 1406.8965517241381
530487 1400.0
530987 1414.141414141414
531497 1413.8613861386139
531988 1400.0
532497 1406.8965517241381
532997 1378.894472361809
533497 1435.1758793969848
533997 1372.0
534497 1407.0351758793968
534997 1400.0
535497 1385.858585858586
535997 1414.141414141414
536498 1378.894472361809
536997 1435.1758793969848
537497 1378.894472361809
537997 1435.1758793969848
538497 1372.0
538987 1400.0
539497 1393.0348258706467
539987 1435.8974358974356
540497 1379.310344827586
540998 1435.1758793969848
541487 1378.4615384615383
541987 1400.0
542487 1414.141414141414
542987 1407.0351758793968
543498 1413.8613861386139
543997 1393.0348258706467
544498 1378.894472361809
544997 1414.141414141414
545487 1371.4285714285713
545997 1413.8613861386139
546497 1400.0
546997 1407.0351758793968
547497 1414.141414141414
547997 1378.894472361809
548497 1456.0
548997 1350.753768844221
549497 1414.141414141414
549997 1414.141414141414
550498 1400.0
550987 1407.179487179487
551497 1379.310344827586
551987 1435.8974358974356
552497 1372.5490196078429
552997 1414.141414141414
553487 1407.179487179487
553997 1406.8965517241381
554487 1400.0
554998 1413.8613861386139
555497 1385.858585858586
555997 1400.0
556497 1407.0351758793968
556997 1407.0351758793968
557497 1407.0351758793968
557997 1400.0
558497 1414.141414141414
558997 1407.0351758793968
559497 1393.0348258706467
559997 1385.858585858586
560487 1414.4329896907216
560987 1414.141414141414
561497 1393.170731707317
561997 1378.894472361809
562497 1407.0351758793968
562997 1414.141414141414
563488 1435.8974358974356
563987 1378.894472361809
564497 1400.0
564988 1407.179487179487
565497 1372.5490196078429
565997 1400.0
566497 1407.0351758793968
566987 1385.5670103092782
567497 1441.5841584158416
567997 1378.894472361809
568497 1414.141414141414
568998 1400.0
569498 1407.0351758793968
569997 1414.141414141414
570497 1378.894472361809
570997 1435.1758793969848
571497 1378.894472361809
571997 1435.1758793969848
572497 1407.0351758793968
572997 1385.858585858586
573497 1400.0
573997 1414.141414141414
574498 1378.894472361809
574998 1407.0351758793968
575497 1435.1758793969848
575997 1385.858585858586
576487 1400.0
576987 1414.141414141414
577497 1400.0
577987 1421.761658031088
578487 1400.0
578987 1378.894472361809
579497 1406.8965517241381
579997 1414.141414141414
580487 1392.8934010152284
580987 1407.0351758793968
581497 1372.5490196078429
581997 1414.141414141414
582487 1464.6153846153848
582997 1351.7241379310344
583498 1414.141414141414
583998 1400.0
584497 1400.0
584997 1414.141414141414
585497 1407.0351758793968
585997 1407.0351758793968
586497 1400.0
586997 1407.0351758793968
587487 1378.4615384615383
587997 1413.8613861386139
588487 1392.8934010152284
588998 1386.1386138613861
589497 1407.0351758793968
589987 1435.8974358974356
590487 1378.894472361809
590997 1406.8965517241381
591487 1378.4615384615383
591997 1434.4827586206895
592497 1385.858585858586
592997 1428.0
593487 1400.0
593997 1413.8613861386139
594497 1372.0
594997 1378.894472361809
595487 1407.179487179487
595998 1413.8613861386139
596497 1400.0
596987 1435.8974358974356
597498 1372.5490196078429
597998 1414.141414141414
598497 1400.0
598997 1407.0351758793968
599487 1407.179487179487
599997 1400.0
600497 1385.858585858586
600997 1428.0
601487 1378.4615384615383
601997 1406.8965517241381
602498 1400.0
602998 1385.858585858586
603497 1414.141414141414
603987 1428.5714285714287
604488 1385.858585858586
604988 1428.0
605487 1385.858585858586
605997 1406.8965517241381
606487 1400.0
606997 1393.0348258706467
607487 1400.0
607998 1427.4509803921567
608497 1378.894472361809
608997 1414.141414141414
609497 1400.0
609997 1414.141414141414
610497 1372.0
610997 1414.141414141414
611497 1428.0
611997 1414.141414141414
612487 1378.4615384615383
612997 1406.8965517241381
613497 1400.0
613987 1407.179487179487
614498 1372.5490196078429
614997 1449.746192893401
615497 1400.0
615997 1372.0
616497 1435.1758793969848
616997 1378.894472361809
617488 1414.4329896907216
617997 1372.5490196078429
618497 1435.1758793969848
618987 1378.4615384615383
619497 1406.8965517241381
619998 1407.0351758793968
620487 1407.179487179487
620997 1406.8965517241381
621497 1407.0351758793968
621997 1385.858585858586
622497 1400.0
622998 1428.0
623498 1385.858585858586
623997 1400.0
624499 1414.141414141414
624998 1407.0351758793968
625497 1400.0
625997 1378.894472361809
626497 1407.0351758793968
626997 1378.894472361809
627497 1435.1758793969848
627998 1385.858585858586
628497 1407.0351758793968
628997 1407.0351758793968
629497 1407.0351758793968
629997 1414.141414141414
630498 1378.894472361809
630998 1435.1758793969848
631497 1372.0
631997 1414.141414141414
632498 1400.0
632998 1414.141414141414
633498 1400.0
633998 1400.0
634497 1385.858585858586
634987 1407.179487179487
635497 1434.4827586206895
635987 1378.4615384615383
636487 1400.0
636997 1406.8965517241381
637487 1414.4329896907216
637987 1400.0
638498 1379.310344827586
638997 1414.141414141414
639487 1407.179487179487
639997 1400.0
640497 1407.0351758793968
640997 1414.141414141414
641497 1400.0
641997 1372.0
642497 1449.746192893401
642997 1378.894472361809
643487 1400.0
643997 1406.8965517241381
644487 1400.0
644997 1379.310344827586
645488 1435.8974358974356
645997 1413.8613861386139
646497 1372.0
646997 1407.0351758793968
647497 1400.0
647988 1407.179487179487
648487 1414.141414141414
648997 1372.5490196078429
649487 1414.4329896907216
649997 1406.8965517241381
650497 1442.4242424242425
650997 1378.894472361809
651497 1400.0
651997 1414.141414141414
652497 1400.0
652987 1407.179487179487
653497 1413.8613861386139
653997 1407.0351758793968
654487 1378.4615384615383
654987 1407.0351758793968
655487 1407.0351758793968
655987 1400.0
656487 1407.0351758793968
656997 1372.5490196078429
657497 1414.141414141414
657998 1407.0351758793968
658497 1414.141414141414
658997 1400.0
659497 1400.0
659997 1378.894472361809
660497 1428.0
660997 1385.858585858586
661497 1407.0351758793968
661997 1400.0
662488 1414.4329896907216
662997 1400.0
663487 1385.5670103092782
663997 1434.4827586206895
664487 1407.179487179487
664987 1385.858585858586
665498 1400.0
665998 1407.0351758793968
666487 1407.179487179487
666987 1372.0
667497 1413.8613861386139
667987 1407.179487179487
668488 1428.0
668998 1413.8613861386139
669497 1385.858585858586
669997 1400.0
670497 1400.0
670987 1414.4329896907216
671497 1400.0
671987 1407.179487179487
672497 1379.310344827586
672987 1407.179487179487
673488 1400.0
673997 1393.0348258706467
674498 1400.0
674998 1407.0351758793968
675497 1414.141414141414
675997 1435.1758793969848
676498 1407.0351758793968
676997 1372.0
677497 1407.0351758793968
677997 1372.0
678497 1421.3197969543146
678997 1428.0
679497 1407.0351758793968
679998 1400.0
680497 1372.0
680997 1414.141414141414
681497 1414.141414141414
681997 1385.858585858586
682487 1407.179487179487
682997 1400.0
683497 1407.0351758793968
683997 1400.0
684497 1414.141414141414
684997 1407.0351758793968
685497 1393.0348258706467
685997 1378.894472361809
686498 1414.141414141414
686997 1414.141414141414
687497 1400.0
687997 1372.0
688497 1414.141414141414
688998 1372.0
689497 1385.858585858586
689997 1428.0
690497 1385.858585858586
690997 1407.0351758793968
691497 1407.0351758793968
691997 1372.0
692497 1442.4242424242425
692997 1407.0351758793968
693498 1400.0
693997 1414.141414141414
694498 1400.0
694997 1392.8934010152284
695498 1435.1758793969848
695997 1407.0351758793968
696497 1378.894472361809
696998 1435.1758793969848
697497 1407.0351758793968
697997 1385.858585858586
698497 1407.0351758793968
698997 1400.0
699497 1407.0351758793968
699997 1414.141414141414
700497 1407.0351758793968
700997 1407.0351758793968
701497 1372.0
701997 1435.1758793969848
702497 1407.0351758793968
702997 1400.0
703497 1421.3197969543146
703997 1378.894472361809
704497 1420.8955223880598
704997 1378.894472361809
705497 1442.4242424242425
705997 1414.141414141414
706497 1400.0
706997 1414.141414141414
707497 1372.0
707997 1414.141414141414
708497 1428.0
708997 1372.0
709497 1442.4242424242425
709997 1372.0
710497 1414.141414141414
710997 1407.0351758793968
711488 1407.179487179487
711997 1434.4827586206895
712487 1378.4615384615383
712997 1406.8965517241381
713497 1407.0351758793968
713987 1400.0
714487 1407.0351758793968
714998 1413.8613861386139
715487 1400.0
715997 1406.8965517241381
716487 1407.179487179487
716987 1407.0351758793968
717497 1406.8965517241381
717997 1407.0351758793968
718497 1407.0351758793968
718998 1378.894472361809
719497 1378.894472361809
719997 1393.0348258706467
720498 1385.858585858586
720997 1385.858585858586
721497 1400.0
721997 1378.894472361809
722497 1400.0
722997 1435.1758793969848
723497 1343.9999999999998
723997 1414.141414141414
724497 1407.0351758793968
724997 1385.858585858586
725497 1400.0
725997 1372.0
726497 1372.0
726997 1407.0351758793968
727497 1414.141414141414
727997 1372.0
728497 1407.0351758793968
728997 1385.858585858586
729498 1378.894472361809
729997 1400.0
730497 1407.0351758793968
730997 1378.894472361809
731497 1400.0
731997 1372.0
732497 1407.0351758793968
732997 1407.0351758793968
733497 1385.858585858586
733997 1407.0351758793968
734497 1372.0
734997 1372.0
735497 1414.141414141414
735998 1407.0351758793968
736497 1393.0348258706467
736997 1357.5757575757575
737497 1435.1758793969848
737997 1372.0
738497 1407.0351758793968
738997 1378.894472361809
739498 1414.141414141414
739997 1372.0
740497 1378.894472361809
740997 1407.0351758793968
741497 1407.0351758793968
741997 1428.0
742487 1385.5670103092782
742997 1434.4827586206895
743497 1385.858585858586
743997 1400.0
744498 1407.0351758793968
744998 1407.0351758793968
745487 1414.4329896907216
745997 1406.8965517241381
746487 1407.179487179487
746987 1407.0351758793968
747497 1427.4509803921567
747997 1392.8934010152284
748487 1400.0
748987 1400.0
749488 1414.141414141414
749998 1413.8613861386139
750487 1435.8974358974356
750987 1407.0351758793968
751497 1379.310344827586
751998 1400.0
752497 1414.141414141414
752997 1378.894472361809
753497 1435.1758793969848
753998 1372.0
754497 1400.0
754997 1385.858585858586
755497 1400.0
755987 1371.4285714285713
756497 1420.8955223880598
756997 1378.894472361809
757497 1449.746192893401
757987 1385.5670103092782
758497 1351.7241379310344
758997 1400.0
759497 1385.858585858586
759997 1372.0
760497 1378.894472361809
760997 1414.141414141414
761497 1400.0
761997 1414.141414141414
762497 1400.0
762997 1414.141414141414
763487 1371.4285714285713
763997 1441.5841584158416
764487 1385.5670103092782
764997 1427.4509803921567
765487 1414.4329896907216
765998 1372.5490196078429
766498 1378.894472361809
766998 1414.141414141414
767497 1372.0
767997 1378.894472361809
768487 1378.4615384615383
768997 1406.8965517241381
769497 1414.141414141414
769997 1407.0351758793968
770497 1372.0
770998 1378.894472361809
771497 1435.1758793969848
771987 1371.4285714285713
772497 1406.8965517241381
772988 1407.179487179487
773497 1406.8965517241381
773997 1378.894472361809
774497 1400.0
774997 1372.0
775497 1407.0351758793968
775997 1400.0
776497 1378.894472361809
776997 1407.0351758793968
777497 1400.0
777987 1414.4329896907216
778497 1351.7241379310344
778997 1435.1758793969848
779497 1378.894472361809
779998 1400.0
780497 1392.8934010152284
780997 1365.1741293532339
781497 1385.858585858586
781998 1400.0
782497 1407.0351758793968
782997 1407.0351758793968
783498 1414.141414141414
783997 1400.0
784497 1378.894472361809
784997 1407.0351758793968
785497 1407.0351758793968
785997 1442.4242424242425
786497 1378.894472361809
786997 1463.3165829145728
787497 1357.5757575757575
787997 1407.0351758793968
788498 1407.0351758793968
788997 1407.0351758793968
789498 1407.0351758793968
789987 1407.179487179487
790498 1406.8965517241381
790998 1400.0
791498 1435.1758793969848
791998 1407.0351758793968
792498 1407.0351758793968
792998 1414.141414141414
793497 1378.894472361809
793997 1407.0351758793968
794497 1407.0351758793968
794997 1407.0351758793968
795498 1407.0351758793968
795998 1407.0351758793968
796498 1414.141414141414
796997 1414.141414141414
797497 1400.0
797997 1400.0
798497 1407.0351758793968
798997 1393.0348258706467
799497 1421.3197969543146
799997 1400.0
800497 1421.3197969543146
800997 1407.0351758793968
801488 1392.8934010152284
801997 1406.8965517241381
802498 1407.0351758793968
802998 1421.3197969543146
803497 1400.0
803998 1407.0351758793968
804498 1407.0351758793968
804997 1414.141414141414
805497 1400.0
805997 1414.141414141414
806497 1372.0
806997 1442.4242424242425
807497 1400.0
807997 1378.894472361809
808497 1442.4242424242425
808998 1400.0
809497 1407.0351758793968
809997 1385.858585858586
810498 1407.0351758793968
810997 1407.0351758793968
811497 1400.0
811997 1414.141414141414
812497 1378.894472361809
812997 1435.1758793969848
813497 1400.0
813997 1414.141414141414
814497 1400.0
814997 1407.0351758793968
815497 1407.0351758793968
815997 1414.141414141414
816497 1378.894472361809
816997 1428.0
817498 1414.141414141414
817998 1378.894472361809
818498 1378.894472361809
818997 1378.894472361809
819497 1414.141414141414
819998 1428.0
820498 1407.0351758793968
820997 1435.1758793969848
821497 1357.5757575757575
821997 1400.0
822497 1385.858585858586
822998 1372.0
823498 1435.1758793969848
823997 1414.141414141414
824498 1407.0351758793968
824998 1378.894472361809
825487 1407.179487179487
825997 1434.4827586206895
826497 1378.894472361809
826997 1407.0351758793968
827497 1407.0351758793968
827997 1378.894472361809
828498 1428.0
828997 1414.141414141414
829487 1378.4615384615383
829997 1434.4827586206895
830487 1400.0
830997 1386.1386138613861
831497 1400.0
831998 1400.0
832497 1414.141414141414
832997 1400.0
833497 1385.858585858586
833997 1428.0
834488 1407.179487179487
834997 1386.1386138613861
835497 1407.0351758793968
835987 1407.179487179487
836497 1427.4509803921567
836987 1378.4615384615383
837497 1413.8613861386139
837987 1407.179487179487
838487 1378.894472361809
838997 1441.5841584158416
839497 1407.0351758793968
839997 1400.0
840497 1414.141414141414
840987 1407.179487179487
841497 1372.5490196078429
841997 1442.4242424242425
842497 1372.0
842997 1414.141414141414
843487 1364.467005076142
843997 1441.5841584158416
844497 1414.141414141414
844987 1407.179487179487
845497 1413.8613861386139
845998 1365.1741293532339
846497 1407.0351758793968
846997 1407.0351758793968
847498 1400.0
847998 1392.8934010152284
848487 1407.179487179487
848997 1427.4509803921567
849497 1400.0
849997 1385.858585858586
850499 1400.0
850998 1407.0351758793968
851488 1414.4329896907216
851997 1406.8965517241381
852497 1407.0351758793968
852987 1407.179487179487
853487 1392.8934010152284
853997 1434.4827586206895
854497 1407.0351758793968
854997 1400.0
855497 1385.858585858586
855987 1400.0
856498 1386.1386138613861
856997 1407.0351758793968
857488 1400.0
857998 1406.8965517241381
858498 1407.0351758793968
858998 1378.894472361809
859497 1407.0351758793968
859987 1414.4329896907216
860497 1345.0980392156862
860997 1421.3197969543146
861497 1407.0351758793968
861997 1372.0
862497 1378.894472361809
862997 1407.0351758793968
863497 1372.0
863997 1442.4242424242425
864497 1372.0
864997 1407.0351758793968
865498 1378.894472361809
865997 1407.0351758793968
866497 1378.894472361809
866997 1407.0351758793968
867497 1372.0
867997 1378.894472361809
868497 1414.141414141414
868997 1414.141414141414
869497 1400.0
869988 1371.4285714285713
870497 1413.8613861386139
870997 1407.0351758793968
871497 1420.8955223880598
871997 1414.141414141414
872497 1407.0351758793968
872998 1350.753768844221
873497 1400.0
873997 1414.141414141414
874487 1407.179487179487
874998 1372.5490196078429
875498 1400.0
875997 1414.141414141414
876497 1378.894472361809
876998 1428.0
877497 1378.894472361809
877997 1407.0351758793968
878497 1385.858585858586
878997 1378.894472361809
879497 1414.141414141414
879997 1400.0
880497 1378.894472361809
880987 1435.8974358974356
881497 1379.310344827586
881998 1435.1758793969848
882498 1378.894472361809
882997 1407.0351758793968
883497 1407.0351758793968
883998 1372.0
884497 1400.0
884997 1407.0351758793968
885497 1372.0
885997 1407.0351758793968
886497 1350.753768844221
886997 1400.0
887498 1407.0351758793968
887987 1407.179487179487
888497 1386.1386138613861
888997 1456.0
889497 1350.753768844221
889997 1407.0351758793968
890498 1372.0
890998 1442.4242424242425
891497 1378.894472361809
891997 1414.141414141414
892497 1400.0
892997 1414.141414141414
893497 1393.0348258706467
893997 1385.858585858586
894497 1400.0
894997 1407.0351758793968
895497 1407.0351758793968
895998 1378.894472361809
896497 1435.1758793969848
896997 1385.858585858586
897497 1372.0
897997 1407.0351758793968
898498 1400.0
898997 1407.0351758793968
899487 1407.179487179487
899997 1400.0
900497 1385.858585858586
900997 1407.0351758793968
901497 1414.141414141414
901997 1400.0
902497 1378.894472361809
902987 1407.179487179487
903487 1407.0351758793968
903987 1393.0348258706467
904487 1385.858585858586
904987 1435.1758793969848
905497 1386.1386138613861
905998 1407.0351758793968
906497 1400.0
906999 1400.0
907498 1392.8934010152284
907987 1428.5714285714287
908488 1407.0351758793968
908987 1385.858585858586
909498 1406.8965517241381
909997 1400.0
910497 1407.0351758793968
910997 1385.858585858586
911497 1435.1758793969848
911988 1378.4615384615383
912497 1434.4827586206895
912977 1370.833333333333
913487 1406.8965517241381
913997 1406.8965517241381
914497 1407.0351758793968
914997 1400.0
915488 1378.4615384615383
915997 1400.0
916497 1385.858585858586
916997 1435.1758793969848
917497 1378.894472361809
917997 1435.1758793969848
918487 1392.746113989637
918998 1400.0
919498 1407.0351758793968
919997 1400.0
920487 1400.0
920997 1413.8613861386139
921497 1378.894472361809
921997 1407.0351758793968
922487 1443.2989690721647
922997 1406.8965517241381
923497 1378.894472361809
923997 1400.0
924497 1378.894472361809
924997 1407.0351758793968
925487 1414.4329896907216
925987 1400.0
926497 1406.8965517241381
926998 1407.0351758793968
927497 1407.0351758793968
927997 1414.141414141414
928487 1392.8934010152284
928997 1386.1386138613861
929497 1400.0
929987 1371.4285714285713
930497 1441.5841584158416
930987 1400.0
931497 1393.0348258706467
931997 1365.1741293532339
932487 1400.0
932997 1413.8613861386139
933498 1435.1758793969848
933997 1414.141414141414
934497 1378.894472361809
934997 1407.0351758793968
935487 1407.179487179487
935987 1378.894472361809
936497 1434.4827586206895
936987 1371.4285714285713
937497 1434.4827586206895
937998 1378.894472361809
938497 1407.0351758793968
938997 1385.858585858586
939497 1414.141414141414
939987 1428.5714285714287
940497 1379.310344827586
940997 1407.0351758793968
941498 1407.0351758793968
941997 1400.0
942487 1407.179487179487
942987 1378.894472361809
943497 1427.4509803921567
943997 1385.858585858586
944487 1400.0
944997 1413.8613861386139
945497 1407.0351758793968
945987 1407.179487179487
946497 1406.8965517241381
946997 1407.0351758793968
947497 1372.0
947988 1428.5714285714287
948497 1413.8613861386139
948987 1371.4285714285713
949487 1407.0351758793968
949988 1414.141414141414
950498 1372.5490196078429
950997 1428.0
951497 1407.0351758793968
951987 1407.179487179487
952497 1386.1386138613861
952997 1407.0351758793968
953497 1407.0351758793968
953997 1385.858585858586
954497 1435.1758793969848
954997 1400.0
955487 1385.5670103092782
955997 1400.0
956497 1414.141414141414
956997 1400.0
957497 1435.1758793969848
957997 1372.0
958497 1378.894472361809
958997 1414.141414141414
959488 1400.0
959997 1413.8613861386139
960487 1400.0
960997 1406.8965517241381
961497 1372.0
961987 1443.2989690721647
962487 1407.0351758793968
962997 1406.8965517241381
963487 1414.4329896907216
963997 1406.8965517241381
964487 1407.179487179487
964997 1400.0
965497 1378.894472361809
965997 1442.4242424242425
966497 1372.0
966997 1442.4242424242425
967487 1371.4285714285713
967987 1435.1758793969848
968497 1406.8965517241381
968997 1372.0
969497 1442.4242424242425
969997 1378.894472361809
970497 1407.0351758793968
970997 1442.4242424242425
971497 1400.0
971997 1407.0351758793968
972497 1414.141414141414
972997 1378.894472361809
973487 1450.7772020725388
973987 1372.0
974497 1434.4827586206895
974997 1407.0351758793968
975497 1385.858585858586
975997 1400.0
976497 1414.141414141414
976997 1400.0
977497 1407.0351758793968
977998 1407.0351758793968
978497 1407.0351758793968
978997 1435.1758793969848
979497 1378.894472361809
979997 1435.1758793969848
980497 1372.0
980987 1414.4329896907216
981487 1400.0
981987 1414.141414141414
982488 1407.0351758793968
982998 1427.4509803921567
983497 1385.858585858586
983987 1407.179487179487
984497 1413.8613861386139
984987 1414.4329896907216
985497 1406.8965517241381
985987 1400.0
986487 1407.0351758793968
986997 1413.8613861386139
987487 1407.179487179487
987988 1407.0351758793968
988487 1414.141414141414
988987 1400.0
989497 1413.8613861386139
989997 1407.0351758793968
990498 1414.141414141414
990987 1407.179487179487
991487 1428.0
991997 1386.1386138613861
992497 1400.0
992997 1414.141414141414
993487 1400.0
993997 1406.8965517241381
994497 1392.8934010152284
994997 1420.8955223880598
995487 1414.4329896907216
995997 1413.8613861386139
996496 1407.0351758793968
996987 1364.467005076142
997497 1441.5841584158416
997997 1385.858585858586
998497 1407.0351758793968
998997 1372.0
999497 1385.858585858586
999998 1393.0348258706467
1000497 1372.0
1000997 1392.8934010152284
1001496 1400.0
1001997 1378.894472361809
1002497 1393.0348258706467
1002997 1385.858585858586
1003497 1372.0
1003997 1365.1741293532339
1004497 1378.894472361809
1004997 1407.0351758793968
1005497 1372.0
1005997 1442.4242424242425
1006497 1378.894472361809
1006996 1414.141414141414
1007497 1400.0
1007997 1407.0351758793968
1008496 1385.858585858586
1008987 1421.3197969543146
1009497 1386.1386138613861
1009997 1407.0351758793968
1010497 1414.141414141414
1010997 1400.0
1011497 1378.894472361809
1011987 1400.0
1012497 1413.8613861386139
1012987 1400.0
1013498 1413.8613861386139
1013997 1407.0351758793968
1014497 1407.0351758793968
1014997 1414.141414141414
1015497 1372.0
1015997 1414.141414141414
1016497 1400.0
1016997 1378.894472361809
1017497 1428.0
1017997 1372.0
1018487 1414.4329896907216
1018997 1406.8965517241381
1019487 1371.4285714285713
1019997 1413.8613861386139
1020497 1407.0351758793968
1020997 1414.141414141414
1021497 1407.0351758793968
1021997 1407.0351758793968
1022497 1378.894472361809
1022997 1400.0
1023498 1407.0351758793968
1023997 1378.894472361809
1024497 1414.141414141414
1024997 1400.0
1025497 1435.1758793969848
1025997 1337.3134328358208
1026497 1414.141414141414
1026997 1407.0351758793968
1027497 1407.0351758793968
1027997 1378.894472361809
1028497 1428.0
1028997 1378.894472361809
1029497 1407.0351758793968
1029997 1378.894472361809
1030497 1407.0351758793968
1030997 1385.858585858586
1031497 1400.0
1031997 1385.858585858586
1032497 1393.0348258706467
1032997 1385.858585858586
1033497 1393.0348258706467
1033997 1378.894472361809
1034497 1435.1758793969848
1034997 1414.141414141414
1035497 1378.894472361809
1035997 1400.0
1036497 1385.858585858586
1036987 1435.8974358974356
1037497 1372.5490196078429
1037997 1400.0
1038497 1414.141414141414
1038997 1400.0
1039496 1385.858585858586
1039997 1407.0351758793968
1040497 1435.1758793969848
1040997 1407.0351758793968
1041497 1378.894472361809
1041996 1414.141414141414
1042497 1400.0
1042997 1414.141414141414
1043498 1400.0
1043997 1435.1758793969848
1044497 1400.0
1044997 1392.8934010152284
1045497 1400.0
1045997 1407.0351758793968
1046497 1414.141414141414
1046997 1400.0
1047487 1421.761658031088
1047997 1406.8965517241381
1048487 1407.179487179487
1048986 1407.0351758793968
1049497 1406.8965517241381
1049997 1400.0
1050487 1414.4329896907216
1050997 1413.8613861386139
1051497 1407.0351758793968
1051997 1393.0348258706467
1052497 1407.0351758793968
1052997 1414.141414141414
1053497 1372.0
1053997 1414.141414141414
1054497 1428.0
1054997 1407.0351758793968
1055498 1372.0
1055997 1385.858585858586
1056487 1407.179487179487
1056997 1434.4827586206895
1057487 1407.179487179487
1057986 1378.894472361809
1058497 1406.8965517241381
1058997 1400.0
1059497 1414.141414141414
1059997 1343.9999999999998
1060497 1414.141414141414
1060997 1407.0351758793968
1061497 1378.894472361809
1061997 1400.0
1062497 1400.0
1062996 1378.894472361809
1063497 1407.0351758793968
1063997 1378.894472361809
1064497 1400.0
1064997 1378.894472361809
1065497 1400.0
1065997 1372.0
1066497 1407.0351758793968
1066997 1378.894472361809
1067497 1400.0
1067997 1407.0351758793968
1068497 1372.0
1068997 1372.0
1069497 1378.894472361809
1069996 1407.0351758793968
1070497 1407.0351758793968
1070997 1400.0
1071487 1414.4329896907216
1071997 1434.4827586206895
1072487 1378.4615384615383
1072996 1413.8613861386139
1073497 1407.0351758793968
1073997 1407.0351758793968
1074497 1407.0351758793968
1074997 1407.0351758793968
1075487 1407.179487179487
1075997 1413.8613861386139
1076497 1407.0351758793968
1076997 1414.141414141414
1077497 1407.0351758793968
1077997 1400.0
1078497 1400.0
1078997 1400.0
1079497 1414.141414141414
1079996 1407.0351758793968
1080497 1407.0351758793968
1080997 1414.141414141414
1081497 1400.0
1081997 1407.0351758793968
1082497 1407.0351758793968
1082987 1378.4615384615383
1083496 1427.4509803921567
1083987 1407.179487179487
1084497 1379.310344827586
1084987 1443.2989690721647
1085497 1400.0
1085987 1385.5670103092782
1086497 1434.4827586206895
1086987 1407.179487179487
1087497 1386.1386138613861
1087987 1428.5714285714287
1088497 1379.310344827586
1088997 1414.141414141414
1089487 1428.5714285714287
1089997 1406.8965517241381
1090487 1385.5670103092782
1090996 1400.0
1091486 1407.179487179487
1091997 1434.4827586206895
1092487 1385.5670103092782
1092997 1400.0
1093497 1435.1758793969848
1093987 1342.8571428571427
1094497 1406.8965517241381
1094997 1414.141414141414
1095497 1393.0348258706467
1095997 1407.0351758793968
1096496 1350.753768844221
1096997 1407.0351758793968
1097497 1407.0351758793968
1097997 1407.0351758793968
1098497 1407.0351758793968
1098996 1378.894472361809
1099497 1428.0
1099997 1378.894472361809
1100497 1414.141414141414
1100996 1400.0
1101496 1414.141414141414
1101997 1400.0
1102497 1392.8934010152284
1102987 1428.5714285714287
1103497 1406.8965517241381
1103997 1414.141414141414
1104486 1407.179487179487
1104997 1379.310344827586
1105487 1428.5714285714287
1105997 1406.8965517241381
1106487 1407.179487179487
1106997 1372.5490196078429
1107487 1407.179487179487
1107987 1414.141414141414
1108497 1441.5841584158416
1108986 1378.4615384615383
1109487 1400.0
1109997 1434.4827586206895
1110487 1378.4615384615383
1110997 1413.8613861386139
1111497 1435.1758793969848
1111987 1371.4285714285713
1112497 1406.8965517241381
1112987 1414.4329896907216
1113496 1400.0
1113997 1442.4242424242425
1114487 1385.5670103092782
1114997 1427.4509803921567
1115496 1378.894472361809
1115997 1378.894472361809
1116497 1400.0
1116987 1414.4329896907216
1117497 1400.0
1117997 1392.8934010152284
1118496 1400.0
1118997 1372.0
1119497 1414.141414141414
1119987 1400.0
1120497 1406.8965517241381
1120986 1414.4329896907216
1121486 1372.0
1121996 1434.4827586206895
1122497 1407.0351758793968
1122997 1400.0
1123497 1414.141414141414
1123997 1400.0
1124497 1414.141414141414
1124997 1400.0
1125497 1407.0351758793968
1125997 1407.0351758793968
1126496 1414.141414141414
1126997 1393.0348258706467
1127497 1449.746192893401
1127997 1350.753768844221
1128487 1435.8974358974356
1128987 1378.894472361809
1129497 1441.5841584158416
1129997 1400.0
1130487 1407.179487179487
1130997 1372.5490196078429
1131497 1414.141414141414
1131997 1428.0
1132487 1385.5670103092782
1132997 1400.0
1133487 1400.0
1133997 1400.0
1134497 1385.858585858586
1134996 1414.141414141414
1135487 1392.8934010152284
1135997 1406.8965517241381
1136486 1414.4329896907216
1136986 1407.0351758793968
1137497 1372.5490196078429
1137987 1407.179487179487
1138496 1372.5490196078429
1138997 1407.0351758793968
1139497 1421.3197969543146
1139997 1407.0351758793968
1140497 1372.0
1140997 1435.1758793969848
1141497 1378.894472361809
1141997 1407.0351758793968
1142497 1378.894472361809
1142997 1428.0
1143497 1378.894472361809
1143996 1378.894472361809
1144497 1385.858585858586
1144997 1428.0
1145497 1378.894472361809
1145997 1400.0
1146497 1378.894472361809
1146997 1400.0
1147497 1414.141414141414
1147997 1372.0
1148496 1400.0
1148997 1378.894472361809
1149496 1414.141414141414
1149997 1378.894472361809
1150497 1407.0351758793968
1150997 1407.0351758793968
1151496 1400.0
1151997 1400.0
1152497 1385.858585858586
1152997 1407.0351758793968
1153497 1400.0
1153997 1378.894472361809
1154497 1407.0351758793968
1154997 1400.0
1155497 1372.0
1155997 1414.141414141414
1156496 1365.1741293532339
1156997 1407.0351758793968
1157497 1372.0
1157997 1400.0
1158497 1407.0351758793968
1158997 1378.894472361809
1159497 1400.0
1159997 1407.0351758793968
1160497 1385.858585858586
1160997 1400.0
1161497 1378.894472361809
1161997 1407.0351758793968
1162497 1372.0
1162997 1407.0351758793968
1163497 1378.894472361809
1163997 1400.0
1164497 1435.1758793969848
1164997 1385.858585858586
1165496 1400.0
1165987 1414.4329896907216
1166497 1406.8965517241381
1166997 1407.0351758793968
1167496 1414.141414141414
1167997 1400.0
1168497 1407.0351758793968
1168997 1407.0351758793968
1169487 1378.4615384615383
1169997 1413.8613861386139
1170497 1365.1741293532339
1170997 1414.141414141414
1171496 1372.0
1171987 1414.4329896907216
1172497 1400.0
1172997 1407.0351758793968
1173497 1407.0351758793968
1173986 1421.761658031088
1174487 1393.0348258706467
1174987 1407.0351758793968
1175497 1400.0
1175997 1385.858585858586
1176497 1442.4242424242425
1176997 1372.0
1177497 1385.858585858586
1177997 1414.141414141414
1178496 1400.0
1178997 1400.0
1179497 1385.858585858586
1179997 1407.0351758793968
1180497 1400.0
1180997 1385.858585858586
1181497 1407.0351758793968
1181997 1378.894472361809
1182497 1393.0348258706467
1182996 1385.858585858586
1183497 1372.0
1183997 1400.0
1184496 1407.0351758793968
1184997 1400.0
1185497 1378.894472361809
1185996 1378.894472361809
1186497 1407.0351758793968
1186997 1372.0
1187497 1400.0
1187997 1407.0351758793968
1188497 1378.894472361809
1188997 1428.0
1189497 1385.858585858586
1189997 1400.0
1190497 1378.894472361809
1190997 1372.0
1191497 1414.141414141414
1191997 1378.894472361809
1192497 1400.0
1192997 1407.0351758793968
1193497 1378.894472361809
1193997 1414.141414141414
1194497 1393.0348258706467
1194997 1372.0
1195497 1414.141414141414
1195997 1428.0
1196497 1315.9999999999998
1196997 1414.141414141414
1197497 1393.0348258706467
1197996 1385.858585858586
1198497 1393.0348258706467
1198997 1378.894472361809
1199496 1372.0
1199997 1407.0351758793968
1200497 1407.0351758793968
1200997 1378.894472361809
1201497 1400.0
1201997 1407.0351758793968
1202497 1407.0351758793968
1202997 1372.0
1203497 1393.0348258706467
1203997 1407.0351758793968
1204487 1385.5670103092782
1204997 1400.0
1205496 1385.858585858586
1205997 1400.0
1206497 1407.0351758793968
1206986 1378.4615384615383
1207497 1413.8613861386139
1207997 1400.0
1208497 1385.858585858586
1208997 1400.0
1209497 1378.894472361809
1209997 1435.1758793969848
1210497 1378.894472361809
1210987 1407.179487179487
1211497 1406.8965517241381
1211987 1407.179487179487
1212497 1406.8965517241381
1212997 1407.0351758793968
1213497 1414.141414141414
1213997 1372.0
1214496 1421.3197969543146
1214987 1392.8934010152284
1215487 1414.141414141414
1215997 1413.8613861386139
1216497 1407.0351758793968
1216987 1400.0
1217497 1386.1386138613861
1217997 1428.0
1218497 1385.858585858586
1218997 1407.0351758793968
1219497 1407.0351758793968
1219987 1400.0
1220497 1386.1386138613861
1220997 1400.0
1221497 1407.0351758793968
1221997 1407.0351758793968
1222487 1407.179487179487
1222997 1406.8965517241381
1223487 1400.0
1223996 1386.1386138613861
1224497 1413.8613861386139
1224997 1392.8934010152284
1225497 1407.0351758793968
1225997 1407.0351758793968
1226496 1414.141414141414
1226997 1378.894472361809
1227497 1407.0351758793968
1227997 1372.0
1228497 1414.141414141414
1228997 1407.0351758793968
1229497 1378.894472361809
1229997 1449.746192893401
1230497 1378.894472361809
1230997 1400.0
1231497 1407.0351758793968
1231997 1378.894472361809
1232497 1435.1758793969848
1232987 1378.4615384615383
1233497 1406.8965517241381
1233997 1407.0351758793968
1234496 1378.894472361809
1234987 1428.5714285714287
1235487 1385.858585858586
1235987 1407.0351758793968
1236497 1406.8965517241381
1236986 1371.4285714285713
1237497 1406.8965517241381
1237997 1378.894472361809
1238497 1400.0
1238997 1378.894472361809
1239496 1407.0351758793968
1239997 1400.0
1240496 1407.0351758793968
1240987 1407.179487179487
1241497 1379.310344827586
1241987 1414.4329896907216
1242497 1406.8965517241381
1242997 1407.0351758793968
1243497 1428.0
1243997 1385.858585858586
1244497 1407.0351758793968
1244997 1414.141414141414
1245497 1400.0
1245997 1385.858585858586
1246497 1400.0
1246997 1414.141414141414
1247497 1414.141414141414
1247997 1400.0
1248497 1378.894472361809
1248996 1435.1758793969848
1249497 1372.0
1249987 1414.4329896907216
1250487 1407.0351758793968
1250997 1406.8965517241381
1251497 1407.0351758793968
1251997 1400.0
1252497 1378.894472361809
1252997 1407.0351758793968
1253497 1435.1758793969848
1253997 1372.0
1254497 1414.141414141414
1254997 1372.0
1255496 1435.1758793969848
1255997 1378.894472361809
1256497 1428.0
1256997 1385.858585858586
1257497 1407.0351758793968
1257986 1407.179487179487
1258497 1400.0
1258997 1378.894472361809
1259496 1414.141414141414
1259997 1414.141414141414
1260496 1407.0351758793968
1260997 1400.0
1261497 1407.0351758793968
1261996 1414.141414141414
1262487 1371.4285714285713
1262987 1442.4242424242425
1263497 1372.5490196078429
1263997 1442.4242424242425
1264487 1342.8571428571427
1264997 1434.4827586206895
1265497 1378.894472361809
1265996 1414.141414141414
1266497 1400.0
1266997 1407.0351758793968
1267497 1414.141414141414
1267997 1372.0
1268496 1442.4242424242425
1268997 1378.894472361809
1269487 1400.0
1269986 1407.0351758793968
1270497 1400.0
1270986 1407.179487179487
1271497 1379.310344827586
1271997 1435.1758793969848
1272487 1407.179487179487
1272997 1386.1386138613861
1273497 1414.141414141414
1273997 1400.0
1274497 1414.141414141414
1274997 1372.0
1275497 1435.1758793969848
1275987 1414.4329896907216
1276486 1378.894472361809
1276997 1400.0
1277497 1407.0351758793968
1277996 1407.0351758793968
1278497 1392.8934010152284
1278996 1435.1758793969848
1279497 1393.0348258706467
1279987 1378.4615384615383
1280496 1413.8613861386139
1280986 1371.4285714285713
1281497 1434.4827586206895
1281997 1400.0
1282496 1392.8934010152284
1282987 1400.0
1283497 1406.8965517241381
1283997 1407.0351758793968
1284497 1407.0351758793968
1284997 1414.141414141414
1285487 1371.4285714285713
1285987 1407.0351758793968
1286497 1393.170731707317
1286997 1414.141414141414
1287497 1407.0351758793968
1287996 1385.858585858586
1288496 1442.4242424242425
1288997 1372.0
1289487 1443.2989690721647
1289997 1379.310344827586
1290487 1407.179487179487
1290997 1400.0
1291497 1414.141414141414
1291987 1407.179487179487
1292496 1406.8965517241381
1292997 1378.894472361809
1293497 1407.0351758793968
1293987 1400.0
1294497 1406.8965517241381
1294997 1372.0
1295497 1435.1758793969848
1295997 1407.0351758793968
1296498 1407.0351758793968
1296997 1378.894472361809
1297497 1400.0
1297997 1421.3197969543146
1298497 1343.9999999999998
1298997 1414.141414141414
1299497 1372.0
1299997 1393.0348258706467
1300497 1407.0351758793968
1300997 1378.894472361809
1301497 1378.894472361809
1301997 1400.0
1302496 1385.858585858586
1302997 1428.0
1303497 1343.9999999999998
1303996 1414.141414141414
1304497 1365.1741293532339
1304997 1407.0351758793968
1305497 1385.858585858586
1305997 1372.0
1306497 1407.0351758793968
1306997 1407.0351758793968
1307487 1407.179487179487
1307997 1386.1386138613861
1308487 1407.179487179487
1308997 1379.310344827586
1309497 1428.0
1309997 1421.3197969543146
1310496 1407.0351758793968
1310997 1407.0351758793968
1311496 1372.0
1311997 1372.0
1312497 1400.0
1312997 1385.858585858586
1313496 1378.894472361809
1313997 1407.0351758793968
1314497 1407.0351758793968
1314997 1407.0351758793968
1315497 1385.858585858586
1315997 1407.0351758793968
1316497 1365.1741293532339
1316996 1385.858585858586
1317497 1400.0
1317997 1385.858585858586
1318497 1400.0
1318997 1407.0351758793968
1319497 1378.894472361809
1319997 1428.0
1320497 1414.141414141414
1320987 1414.4329896907216
1321497 1365.8536585365853
1321997 1435.1758793969848
1322497 1378.894472361809
1322987 1407.179487179487
1323497 1386.1386138613861
1323997 1400.0
1324497 1378.894472361809
1324997 1393.0348258706467
1325497 1442.4242424242425
1325987 1371.4285714285713
1326497 1406.8965517241381
1326987 1443.2989690721647
1327497 1379.310344827586
1327997 1407.0351758793968
1328497 1414.141414141414
1328987 1400.0
1329497 1413.8613861386139
1329987 1400.0
1330496 1413.8613861386139
1330997 1407.0351758793968
1331497 1400.0
1331997 1407.0351758793968
1332486 1414.4329896907216
1332987 1400.0
1333497 1420.8955223880598
1333996 1378.894472361809
1334486 1407.179487179487
1334997 1427.4509803921567
1335497 1378.894472361809
1335987 1407.179487179487
1336487 1407.0351758793968
1336997 1400.0
1337487 1414.4329896907216
1337997 1406.8965517241381
1338497 1435.1758793969848
1338996 1385.858585858586
1339497 1435.1758793969848
1339997 1400.0
1340496 1421.3197969543146
1340997 1372.0
1341497 1407.0351758793968
1341997 1442.4242424242425
1342497 1400.0
1342997 1372.0
1343497 1435.1758793969848
1343987 1385.5670103092782
1344497 1400.0
1344997 1400.0
1345487 1443.2989690721647
1345997 1413.8613861386139
1346497 1378.894472361809
1346997 1400.0
1347497 1414.141414141414
1347997 1435.1758793969848
1348497 1378.894472361809
1348986 1414.4329896907216
1349498 1434.4827586206895
1349987 1385.5670103092782
1350496 1400.0
1350987 1414.4329896907216
1351497 1427.4509803921567
1351997 1378.894472361809
1352497 1435.1758793969848
1352997 1372.0
1353497 1442.4242424242425
1353997 1385.858585858586
1354497 1428.0
1354997 1378.894472361809
1355497 1400.0
1355997 1407.0351758793968
1356497 1414.141414141414
1356997 1407.0351758793968
1357497 1407.0351758793968
1357997 1378.894472361809
1358486 1414.4329896907216
1358997 1400.0
1359497 1407.0351758793968
1359997 1407.0351758793968
1360487 1414.4329896907216
1360997 1406.8965517241381
1361497 1378.894472361809
1361986 1407.179487179487
1362497 1406.8965517241381
1362997 1400.0
1363497 1378.894472361809
1363986 1414.4329896907216
1364497 1427.4509803921567
1364987 1378.4615384615383
1365497 1406.8965517241381
1365997 1400.0
1366497 1414.141414141414
1366987 1378.4615384615383
1367497 1406.8965517241381
1367997 1414.141414141414
1368497 1378.894472361809
1368997 1372.0
1369497 1435.1758793969848
1369998 1385.858585858586
1370497 1400.0
1370996 1407.0351758793968
1371496 1378.894472361809
1371997 1407.0351758793968
1372497 1400.0
1372997 1421.3197969543146
1373497 1400.0
1373996 1407.0351758793968
1374487 1435.8974358974356
1374987 1372.0
1375497 1441.5841584158416
1375987 1378.4615384615383
1376496 1441.5841584158416
1376987 1378.4615384615383
1377487 1407.0351758793968
1377997 1406.8965517241381
1378487 1407.179487179487
1378997 1400.0
1379497 1407.0351758793968
1379997 1407.0351758793968
1380487 1407.179487179487
1380997 1400.0
1381497 1421.3197969543146
1381987 1407.179487179487
1382497 1434.4827586206895
1382987 1407.179487179487
1383487 1378.894472361809
1383997 1379.310344827586
1384497 1407.0351758793968
1384997 1378.894472361809
1385497 1400.0
1385996 1400.0
1386497 1407.0351758793968
1386997 1372.0
1387497 1407.0351758793968
1387997 1378.894472361809
1388497 1385.858585858586
1388996 1393.0348258706467
1389497 1378.894472361809
1389997 1428.0
1390497 1392.8934010152284
1390997 1400.0
1391497 1378.894472361809
1391997 1378.894472361809
1392497 1400.0
1392996 1407.0351758793968
1393497 1372.0
1393997 1414.141414141414
1394496 1393.0348258706467
1394997 1378.894472361809
1395497 1378.894472361809
1395997 1400.0
1396497 1400.0
1396997 1414.141414141414
1397496 1407.0351758793968
1397997 1365.1741293532339
1398497 1414.141414141414
1398997 1378.894472361809
1399497 1407.0351758793968
1399997 1372.0
1400497 1442.4242424242425
1400997 1378.894472361809
1401497 1400.0
1401996 1385.858585858586
1402497 1400.0
1402997 1407.0351758793968
1403497 1407.0351758793968
1403997 1378.894472361809
1404497 1407.0351758793968
1404997 1435.1758793969848
1405497 1400.0
1405997 1421.3197969543146
1406497 1407.0351758793968
1406997 1372.0
1407496 1407.0351758793968
1407997 1442.4242424242425
1408497 1372.0
1408997 1414.141414141414
1409487 1378.4615384615383
1409997 1427.4509803921567
1410497 1414.141414141414
1410987 1407.179487179487
1411497 1406.8965517241381
1411997 1365.1741293532339
1412497 1435.1758793969848
1412997 1385.858585858586
1413497 1407.0351758793968
1413997 1400.0
1414497 1414.141414141414
1414997 1378.894472361809
1415496 1414.141414141414
1415997 1393.0348258706467
1416497 1414.141414141414
1416997 1378.894472361809
1417497 1385.858585858586
1417997 1407.0351758793968
1418497 1442.4242424242425
1418997 1372.0
1419497 1400.0
1419997 1378.894472361809
1420496 1442.4242424242425
1420997 1372.0
1421497 1378.894472361809
1421997 1442.4242424242425
1422496 1378.894472361809
1422997 1378.894472361809
1423497 1414.141414141414
1423997 1378.894472361809
1424497 1435.1758793969848
1424997 1372.0
1425497 1407.0351758793968
1425997 1414.141414141414
1426497 1400.0
1426997 1372.0
1427496 1414.141414141414
1427997 1372.0
1428496 1407.0351758793968
1428997 1407.0351758793968
1429487 1407.179487179487
1429997 1413.8613861386139
1430497 1372.0
1430987 1407.179487179487
1431497 1406.8965517241381
1431997 1442.4242424242425
1432487 1400.0
1432997 1393.0348258706467
1433497 1407.0351758793968
1433997 1435.1758793969848
1434497 1428.0
1434997 1357.5757575757575
1435487 1407.179487179487
1435987 1407.0351758793968
1436497 1406.8965517241381
1436997 1400.0
1437487 1421.761658031088
1437997 1406.8965517241381
1438497 1407.0351758793968
1438996 1407.0351758793968
1439497 1407.0351758793968
1439997 1393.0348258706467
1440496 1414.141414141414
1440997 1400.0
1441487 1385.5670103092782
1441997 1406.8965517241381
1442486 1435.8974358974356
1442997 1379.310344827586
1443497 1400.0
1443996 1378.894472361809
1444497 1400.0
1444997 1385.858585858586
1445496 1400.0
1445997 1372.0
1446497 1400.0
1446996 1407.0351758793968
1447497 1378.894472361809
1447997 1393.0348258706467
1448497 1407.0351758793968
1448997 1372.0
1449497 1407.0351758793968
1449996 1372.0
1450496 1400.0
1450997 1385.858585858586
1451497 1400.0
1451997 1407.0351758793968
1452496 1378.894472361809
1452997 1414.141414141414
1453497 1407.0351758793968
1453996 1372.0
1454497 1378.894472361809
1454997 1400.0
1455496 1378.894472361809
1455997 1400.0
1456497 1407.0351758793968
1456996 1407.0351758793968
1457497 1343.9999999999998
1457996 1407.0351758793968
1458497 1400.0
1458997 1414.141414141414
1459496 1372.0
1459997 1407.0351758793968
1460497 1372.0
1460997 1407.0351758793968
1461497 1400.0
1461997 1378.894472361809
1462497 1393.0348258706467
1462997 1385.858585858586
1463497 1407.0351758793968
1463997 1378.894472361809
1464497 1400.0
1464996 1378.894472361809
1465497 1407.0351758793968
1465996 1372.0
1466497 1400.0
1466996 1407.0351758793968
1467496 1378.894472361809
1467997 1378.894472361809
1468497 1414.141414141414
1468997 1400.0
1469496 1414.141414141414
1469997 1372.0
1470497 1400.0
1470997 1378.894472361809
1471497 1407.0351758793968
1471996 1378.894472361809
1472497 1393.0348258706467
1472997 1414.141414141414
1473497 1400.0
1473997 1365.1741293532339
1474497 1385.858585858586
1474997 1400.0
1475497 1407.0351758793968
1475996 1372.0
1476497 1407.0351758793968
1476996 1378.894472361809
1477497 1435.1758793969848
1477997 1407.0351758793968
1478497 1385.858585858586
1478997 1428.0
1479497 1400.0
1479996 1421.3197969543146
1480497 1372.0
1480997 1407.0351758793968
1481497 1407.0351758793968
1481987 1407.179487179487
1482497 1406.8965517241381
1482997 1414.141414141414
1483497 1407.0351758793968
1483997 1414.141414141414
1484497 1414.141414141414
1484997 1400.0
1485496 1378.894472361809
1485997 1400.0
1486497 1442.4242424242425
1486996 1378.894472361809
1487497 1442.4242424242425
1487997 1400.0
1488497 1378.894472361809
1488986 1407.179487179487
1489497 1413.8613861386139
1489986 1407.179487179487
1490497 1406.8965517241381
1490997 1407.0351758793968
1491486 1407.179487179487
1491997 1400.0
1492486 1421.761658031088
1492997 1393.170731707317
1493497 1407.0351758793968
1493996 1414.141414141414
1494487 1400.0
1494997 1406.8965517241381
1495497 1407.0351758793968
1495997 1407.0351758793968
1496497 1407.0351758793968
1496997 1414.141414141414
1497497 1407.0351758793968
1497996 1400.0
1498496 1414.141414141414
1498997 1414.141414141414
1499497 1400.0
1499997 1407.0351758793968
1500487 1378.4615384615383
1500996 1441.5841584158416
1501497 1393.0348258706467
1501997 1414.141414141414
1502497 1407.0351758793968
1502997 1456.0
1503497 1350.753768844221
1503997 1407.0351758793968
1504488 1400.0
1504987 1414.141414141414
1505497 1406.8965517241381
1505997 1407.0351758793968
1506486 1371.4285714285713
1506997 1441.5841584158416
1507487 1400.0
1507997 1386.1386138613861
1508497 1407.0351758793968
1508997 1407.0351758793968
1509497 1435.1758793969848
1509997 1385.858585858586
1510496 1435.1758793969848
1510997 1378.894472361809
1511496 1407.0351758793968
1511997 1407.0351758793968
1512496 1407.0351758793968
1512997 1414.141414141414
1513497 1400.0
1513996 1407.0351758793968
1514497 1372.0
1514997 1372.0
1515496 1385.858585858586
1515997 1428.0
1516496 1378.894472361809
1516987 1385.5670103092782
1517496 1406.8965517241381
1517986 1407.179487179487
1518496 1386.1386138613861
1518997 1365.1741293532339
1519497 1414.141414141414
1519997 1407.0351758793968
1520497 1378.894472361809
1520997 1414.141414141414
1521497 1400.0
1521997 1414.141414141414
1522497 1378.894472361809
1522997 1407.0351758793968
1523497 1407.0351758793968
1523997 1378.894472361809
1524496 1400.0
1524997 1414.141414141414
1525497 1378.894472361809
1525997 1365.1741293532339
1526496 1407.0351758793968
1526997 1378.894472361809
1527497 1407.0351758793968
1527997 1400.0
1528497 1414.141414141414
1528996 1428.0
1529497 1378.894472361809
1529997 1400.0
1530497 1407.0351758793968
1530997 1442.4242424242425
1531486 1385.5670103092782
1531997 1406.8965517241381
1532497 1407.0351758793968
1532996 1407.0351758793968
1533497 1400.0
1533997 1407.0351758793968
1534497 1407.0351758793968
1534987 1407.179487179487
1535487 1400.0
1535997 1372.5490196078429
1536497 1414.141414141414
1536996 1407.0351758793968
1537497 1400.0
1537997 1378.4615384615383
1538497 1407.0351758793968
1538997 1385.858585858586
1539496 1428.0
1539997 1378.894472361809
1540497 1400.0
1540996 1378.894472361809
1541497 1378.894472361809
1541997 1378.894472361809
1542497 1442.4242424242425
1542997 1372.0
1543497 1385.858585858586
1543997 1407.0351758793968
1544487 1407.179487179487
1544997 1406.8965517241381
1545497 1407.0351758793968
1545997 1378.894472361809
1546497 1428.0
1546997 1407.0351758793968
1547487 1378.4615384615383
1547997 1400.0
1548487 1407.179487179487
1548997 1406.8965517241381
1549487 1407.179487179487
1549987 1414.141414141414
1550496 1406.8965517241381
1550996 1414.141414141414
1551497 1407.0351758793968
1551997 1400.0
1552497 1365.1741293532339
1552996 1385.858585858586
1553496 1407.0351758793968
1553996 1407.0351758793968
1554497 1400.0
1554987 1414.4329896907216
1555497 1393.170731707317
1555997 1414.141414141414
1556497 1407.0351758793968
1556997 1407.0351758793968
1557497 1400.0
1557986 1385.5670103092782
1558497 1406.8965517241381
1558997 1400.0
1559497 1421.3197969543146
1559997 1372.0
1560497 1428.0
1560986 1356.7010309278348
1561496 1406.8965517241381
1561997 1365.1741293532339
1562497 1414.141414141414
1562997 1385.858585858586
1563497 1400.0
1563997 1407.0351758793968
1564497 1372.0
1564987 1435.8974358974356
1565487 1407.0351758793968
1565996 1372.5490196078429
1566497 1407.0351758793968
1566997 1378.894472361809
1567497 1400.0
1567996 1407.0351758793968
1568496 1378.894472361809
1568997 1378.894472361809
1569497 1400.0
1569997 1400.0
1570497 1378.894472361809
1570997 1435.1758793969848
1571496 1393.0348258706467
1571997 1385.858585858586
1572497 1350.753768844221
1572997 1435.1758793969848
1573497 1378.894472361809
1573997 1400.0
1574496 1385.858585858586
1574997 1400.0
1575497 1407.0351758793968
1575996 1372.0
1576497 1400.0
1576997 1372.0
1577497 1421.3197969543146
1577997 1372.0
1578497 1414.141414141414
1578997 1378.894472361809
1579496 1378.894472361809
1579997 1428.0
1580497 1400.0
1580996 1378.894472361809
1581497 1407.0351758793968
1581997 1350.753768844221
1582497 1435.1758793969848
1582997 1378.894472361809
1583497 1400.0
1583997 1378.894472361809
1584497 1378.894472361809
1584997 1428.0
1585497 1378.894472361809
1585997 1400.0
1586497 1372.0
1586996 1414.141414141414
1587497 1400.0
1587997 1350.753768844221
1588497 1414.141414141414
1588997 1372.0
1589497 1385.858585858586
1589997 1393.0348258706467
1590497 1385.858585858586
1590997 1407.0351758793968
1591497 1414.141414141414
1591997 1421.3197969543146
1592497 1407.0351758793968
1592997 1385.858585858586
1593497 1407.0351758793968
1593987 1443.2989690721647
1594497 1400.0
1594997 1414.141414141414
1595497 1392.8934010152284
1595997 1372.0
1596497 1378.894472361809
1596997 1407.0351758793968
1597497 1407.0351758793968
1597997 1372.0
1598497 1407.0351758793968
1598997 1378.894472361809
1599496 1378.894472361809
1599997 1414.141414141414
1600497 1407.0351758793968
1600987 1378.4615384615383
1601497 1434.4827586206895
1601997 1400.0
1602497 1414.141414141414
1602997 1378.894472361809
1603497 1435.1758793969848
1603987 1414.4329896907216
1604487 1393.0348258706467
1604997 1386.1386138613861
1605497 1456.0
1605998 1357.5757575757575
1606497 1400.0
1606996 1407.0351758793968
1607496 1400.0
1607998 1378.894472361809
1608497 1392.8934010152284
1608997 1407.0351758793968
1609497 1435.1758793969848
1609997 1407.0351758793968
1610497 1378.894472361809
1610997 1372.0
1611497 1442.4242424242425
1611987 1407.179487179487
1612497 1365.8536585365853
1612997 1385.858585858586
1613497 1407.0351758793968
1613997 1407.0351758793968
1614497 1407.0351758793968
1614997 1407.0351758793968
1615497 1407.0351758793968
1615997 1378.894472361809
1616497 1414.141414141414
1616997 1400.0
1617496 1400.0
1617997 1407.0351758793968
1618497 1414.141414141414
1618997 1435.1758793969848
1619497 1378.894472361809
1619996 1400.0
1620496 1407.0351758793968
1620997 1414.141414141414
1621497 1407.0351758793968
1621997 1400.0
1622497 1414.141414141414
1622997 1407.0351758793968
1623496 1414.141414141414
1623997 1400.0
1624497 1414.141414141414
1624998 1407.0351758793968
1625497 1407.0351758793968
1625997 1407.0351758793968
1626497 1407.0351758793968
1626997 1414.141414141414
1627496 1393.0348258706467
1627997 1421.3197969543146
1628496 1400.0
1628997 1400.0
1629497 1407.0351758793968
1629997 1414.141414141414
1630497 1372.0
1630997 1442.4242424242425
1631497 1372.0
1631997 1435.1758793969848
1632497 1378.894472361809
1632997 1428.0
1633497 1378.894472361809
1633997 1414.141414141414
1634497 1428.0
1634997 1378.894472361809
1635497 1414.141414141414
1635997 1435.1758793969848
1636497 1407.0351758793968
1636997 1414.141414141414
1637497 1378.894472361809
1637997 1435.1758793969848
1638497 1400.0
1638997 1407.0351758793968
1639497 1435.1758793969848
1639997 1378.894472361809
1640487 1414.4329896907216
1640997 1406.8965517241381
1641497 1378.894472361809
1641997 1400.0
1642497 1414.141414141414
1642997 1414.141414141414
1643496 1400.0
1643997 1442.4242424242425
1644487 1378.4615384615383
1644997 1434.4827586206895
1645497 1407.0351758793968
1645996 1378.894472361809
1646497 1414.141414141414
1646997 1400.0
1647487 1443.2989690721647
1647997 1379.310344827586
1648487 1407.179487179487
1648997 1441.5841584158416
1649497 1378.894472361809
1649997 1435.1758793969848
1650498 1407.0351758793968
1650997 1378.894472361809
1651496 1407.0351758793968
1651997 1428.0
1652497 1400.0
1652997 1414.141414141414
1653497 1378.894472361809
1653997 1414.141414141414
1654497 1400.0
1654997 1407.0351758793968
1655487 1407.179487179487
1655987 1400.0
1656497 1406.8965517241381
1656997 1407.0351758793968
1657497 1385.858585858586
1657997 1400.0
1658497 1407.0351758793968
1658997 1372.0
1659497 1400.0
1659997 1378.894472361809
1660497 1400.0
1660997 1378.894472361809
1661497 1428.0
1661997 1378.894472361809
