0 0.0
504 82250.0
1013 80705.88235294117
1514 84000.0
2014 82320.0
2514 84000.0
3013 82320.0
3513 82320.0
4014 84000.0
4513 82320.0
5014 84000.0
5513 82320.0
6014 82320.0
6514 84000.0
7014 82320.0
7513 78960.0
8013 82320.0
8514 84000.0
9014 82320.0
9514 82320.0
10014 84000.0
10514 78960.0
11013 84000.0
11513 84000.0
12014 84000.0
12514 80640.0
13014 82320.0
13514 82320.0
14014 84000.0
14513 82320.0
15013 84000.0
15514 84000.0
16014 84000.0
16514 82320.0
17013 82320.0
17514 85680.0
18014 82320.0
18514 82320.0
19013 82320.0
19514 84000.0
20014 84000.0
20514 82320.0
21013 82320.0
21514 85680.0
22013 82320.0
22514 84000.0
23014 84000.0
23514 82320.0
24034 80769.23076923078
24514 82250.0
25014 84000.0
25514 84000.0
26014 82320.0
26513 84000.0
27014 82320.0
27513 84000.0
28013 82320.0
28513 84000.0
29013 84000.0
29513 84000.0
30014 82320.0
30514 84000.0
31014 82320.0
31514 79245.28301886792
32014 77660.37735849056
32514 82320.0
33014 84000.0
33514 84000.0
34014 84000.0
34513 82320.0
35014 84000.0
35514 82320.0
36014 82320.0
36514 84000.0
37013 80640.0
37514 84000.0
38014 82320.0
38514 84000.0
39014 84000.0
39514 82320.0
40013 84000.0
40514 84000.0
41014 84000.0
41514 82320.0
42014 82320.0
42513 84000.0
43014 82320.0
43514 84000.0
44014 84000.0
44513 82320.0
45013 84000.0
45513 84000.0
46013 84000.0
46514 84000.0
47014 82320.0
47513 84000.0
48013 84000.0
48514 82320.0
49014 84000.0
49514 82320.0
50013 84000.0
50514 82320.0
51014 84000.0
51513 84000.0
52013 82320.0
52514 84000.0
53014 82320.0
53516 82352.94117647057
54013 84000.0
54514 84000.0
55014 82320.0
55514 84000.0
56014 82320.0
56513 84000.0
57014 84000.0
57514 84000.0
58014 82320.0
58514 84000.0
59014 84000.0
59513 82320.0
60014 84000.0
60514 85680.0
61014 80640.0
61513 85680.0
62014 82320.0
62514 82320.0
63014 84000.0
63513 82320.0
64014 85680.0
64513 82320.0
65013 84000.0
65513 84000.0
66014 82320.0
66514 84000.0
67014 84000.0
67513 84000.0
68013 84000.0
68514 84000.0
69014 82320.0
69513 84000.0
70014 84000.0
70514 82320.0
71013 85680.0
71514 84000.0
72014 82320.0
72513 84000.0
73014 84000.0
73514 82320.0
74013 84000.0
74514 84000.0
75014 82320.0
75513 84000.0
76014 84000.0
76513 82320.0
77013 85680.0
77513 82320.0
78014 85680.0
78514 82320.0
79013 82320.0
79514 85680.0
80014 84000.0
80514 82320.0
81013 84000.0
81513 84000.0
82014 82320.0
82514 84000.0
83014 84000.0
83514 84000.0
84013 82320.0
84514 85680.0
85014 84000.0
85513 82320.0
86014 84000.0
86514 84000.0
87013 82320.0
87514 84000.0
88013 82320.0
88513 84000.0
89013 84000.0
89514 84000.0
90014 82320.0
90514 84000.0
91013 84000.0
91514 82352.94117647057
92013 82320.0
92513 84000.0
93013 84000.0
93514 82320.0
94014 84000.0
94514 84000.0
95014 84000.0
95513 82320.0
96014 82320.0
96514 85680.0
97014 82320.0
97513 84000.0
98014 82320.0
98514 85680.0
99014 82320.0
99513 82320.0
100014 85680.0
100514 84000.0
101014 82320.0
101513 84000.0
102013 84000.0
102513 82320.0
103014 84000.0
103514 84000.0
104014 84000.0
104513 84000.0
105014 84000.0
105514 82320.0
106014 84000.0
106514 84000.0
107014 82320.0
107513 84000.0
108014 82320.0
108514 85680.0
109014 82320.0
109513 84000.0
110014 84000.0
110514 82320.0
111014 82320.0
111513 84000.0
112014 84000.0
112514 84000.0
113014 82320.0
113513 84000.0
114014 84000.0
114514 84000.0
115013 84000.0
115514 84000.0
116014 84000.0
116513 82320.0
117014 84000.0
117514 84000.0
118014 80705.88235294117
118513 85714.28571428572
119014 84000.0
119514 82320.0
120014 82320.0
120514 85680.0
121013 84000.0
121514 82320.0
122014 84000.0
122514 84000.0
123014 82320.0
123514 84000.0
124014 84000.0
124513 84000.0
125014 82320.0
125514 82320.0
126013 85680.0
126514 82320.0
127014 84000.0
127514 82320.0
128013 84000.0
128514 84000.0
129014 82320.0
129513 85680.0
130013 82320.0
130514 84000.0
131014 84000.0
131513 84000.0
132013 82320.0
132514 84000.0
133013 84000.0
133514 84000.0
134014 82320.0
134514 84000.0
135013 84000.0
135514 84000.0
136014 77280.0
136514 82320.0
137013 82320.0
137513 84000.0
138013 85680.0
138513 82320.0
139013 82320.0
139513 85680.0
140014 80640.0
140514 85680.0
141013 82320.0
141513 84000.0
142014 84000.0
142514 84000.0
143013 84000.0
143513 84000.0
144013 84000.0
144514 82320.0
145014 84000.0
145513 84000.0
146014 82320.0
146514 84000.0
147013 84000.0
147514 84000.0
148014 82320.0
148513 85680.0
149014 82320.0
149513 84000.0
150014 84000.0
150514 84000.0
151013 84000.0
151514 80705.88235294117
152014 84000.0
152514 82320.0
153014 85680.0
153514 82320.0
154013 84000.0
154514 84000.0
155014 84000.0
155513 84000.0
156014 84000.0
156514 82320.0
157013 84000.0
157514 84000.0
158014 84000.0
158513 84000.0
159013 84000.0
159514 80640.0
160014 84000.0
160514 82320.0
161014 84000.0
161513 84000.0
162014 84000.0
162514 82320.0
163014 85680.0
163514 84000.0
164014 82320.0
164514 84000.0
165014 84000.0
165513 84000.0
166013 82320.0
166514 84000.0
167014 84000.0
167514 84000.0
168014 82320.0
168513 84000.0
169014 84000.0
169514 84000.0
170014 84000.0
170513 82320.0
171014 84000.0
171514 85680.0
172014 82320.0
172513 84000.0
173014 82320.0
173514 85680.0
174013 84000.0
174513 82320.0
175014 84000.0
175514 82320.0
176013 85680.0
176514 84000.0
177014 82320.0
177513 82320.0
178014 85680.0
178514 84000.0
179013 82320.0
179514 85680.0
180014 82320.0
180513 84000.0
181013 84000.0
181513 82320.0
182014 84000.0
182514 84000.0
183013 82320.0
183513 85680.0
184014 82320.0
184514 82320.0
185014 85680.0
185513 84000.0
186014 82320.0
186514 84000.0
187013 84000.0
187514 84000.0
188013 82320.0
188514 85680.0
189014 82320.0
189514 82320.0
190013 84000.0
190513 82320.0
191014 85680.0
191514 82320.0
192014 82320.0
192513 84000.0
193014 82320.0
193513 84000.0
194013 82320.0
194513 84000.0
195014 82320.0
195514 84000.0
196014 84000.0
196514 84000.0
197013 84000.0
197514 84000.0
198014 82320.0
198513 85680.0
199013 82320.0
199514 84000.0
200014 84000.0
200513 82320.0
201014 84000.0
201513 84000.0
202013 84000.0
202514 84000.0
203014 82320.0
203513 85680.0
204014 73920.0
204514 85680.0
205014 82320.0
205514 84000.0
206013 84000.0
206514 84000.0
207014 84000.0
207513 82320.0
208014 85680.0
208514 82320.0
209014 84000.0
209513 82320.0
210014 84000.0
210514 85680.0
211014 82320.0
211514 82320.0
212014 79245.28301886792
212513 85714.28571428572
213013 82320.0
213513 84000.0
214013 84000.0
214514 84000.0
215014 84000.0
215514 84000.0
216014 84000.0
216514 82320.0
217014 84000.0
217514 84000.0
218013 82320.0
218514 84000.0
219014 85680.0
219514 82320.0
220013 84000.0
220513 82320.0
221013 85680.0
221513 82320.0
222014 84000.0
222514 82320.0
223014 84000.0
223514 84000.0
224014 84000.0
224513 82320.0
225013 84000.0
225514 84000.0
226014 84000.0
226514 82320.0
227013 84000.0
227514 84000.0
228014 82320.0
228513 85680.0
229014 82320.0
229514 84000.0
230013 82320.0
230514 85680.0
231014 84000.0
231513 84000.0
232014 82320.0
232514 84000.0
233013 84000.0
233513 84000.0
234014 84000.0
234514 84000.0
235013 84000.0
235514 82320.0
236014 84000.0
236513 82320.0
237013 85680.0
237514 82320.0
238014 85680.0
238513 82320.0
239014 84000.0
239514 84000.0
240013 84000.0
240513 84000.0
241014 84000.0
241514 82320.0
242014 84000.0
242513 84000.0
243014 84000.0
243514 82320.0
244013 84000.0
244514 84000.0
245014 84000.0
245514 84000.0
246013 82320.0
246514 84000.0
247014 84000.0
247513 84000.0
248014 84000.0
248514 82320.0
249013 84000.0
249514 84000.0
250013 84000.0
250513 84000.0
251014 84000.0
251514 82320.0
252014 84000.0
252513 84000.0
253014 84000.0
253514 84000.0
254013 82320.0
254514 84000.0
255014 84000.0
255514 82320.0
256014 82320.0
256513 84000.0
257014 84000.0
257514 84000.0
258014 82320.0
258513 84000.0
259014 84000.0
259514 82320.0
260013 84000.0
260514 84000.0
261014 84000.0
261513 84000.0
262013 84000.0
262514 82320.0
263014 84000.0
263513 84000.0
264014 84000.0
264513 84000.0
265013 82320.0
265514 84000.0
266014 82320.0
266513 84000.0
267014 84000.0
267514 82320.0
268014 85680.0
268513 84000.0
269014 82320.0
269514 84000.0
270014 82320.0
270513 85680.0
271013 84000.0
271513 82320.0
272014 84000.0
272514 82320.0
273013 84000.0
273513 84000.0
274014 84000.0
274514 73920.0
275014 84000.0
275513 84000.0
276014 84000.0
276514 82320.0
277014 84000.0
277514 84000.0
278014 82320.0
278514 85680.0
279014 82320.0
279513 84000.0
280014 84000.0
280514 84000.0
281014 82320.0
281514 85680.0
282013 82320.0
282514 84000.0
283014 84000.0
283513 82320.0
284014 84000.0
284514 84000.0
285013 84000.0
285513 84000.0
286014 84000.0
286514 84000.0
287013 84000.0
287513 82320.0
288014 85680.0
288514 80640.0
289013 85680.0
289513 84000.0
290013 82320.0
290513 84000.0
291014 84000.0
291514 84000.0
292013 82320.0
292514 85680.0
293014 84000.0
293514 82320.0
294014 84000.0
294513 82320.0
295014 85680.0
295514 82320.0
296013 84000.0
296513 84000.0
297014 82320.0
297514 85680.0
298013 84000.0
298514 82320.0
299014 84000.0
299513 84000.0
300014 84000.0
300514 84000.0
301013 82320.0
301513 84000.0
302014 84000.0
302514 84000.0
303014 84000.0
303513 82320.0
304014 85680.0
304514 82320.0
305013 82320.0
305513 85680.0
306014 82320.0
306514 84000.0
307014 84000.0
307513 84000.0
308013 84000.0
308514 82320.0
309013 85680.0
309514 82320.0
310014 84000.0
310513 84000.0
311014 84000.0
311513 84000.0
312014 82320.0
312514 85680.0
313013 82320.0
313514 84000.0
314013 84000.0
314514 84000.0
315014 84000.0
315514 82320.0
316014 84000.0
316513 84000.0
317014 84000.0
317513 84000.0
318014 84000.0
318514 84000.0
319014 82320.0
319513 82320.0
320013 84000.0
320514 84000.0
321014 82320.0
321513 84000.0
322014 84000.0
322513 84000.0
323014 84000.0
323514 84000.0
324013 82320.0
324514 85680.0
325013 82320.0
325514 82320.0
326013 85680.0
326514 84000.0
327014 84000.0
327513 82320.0
328014 84000.0
328514 84000.0
329014 84000.0
329514 84000.0
330014 82320.0
330513 82320.0
331014 84000.0
331514 82352.94117647057
332014 84000.0
332514 84000.0
333014 84000.0
333513 0.0
334013 0.0
334513 0.0
335014 0.0
335514 0.0
336014 0.0
