0 28000.0
512 80640.0
1012 84000.0
1512 80705.88235294117
2012 80640.0
2512 82320.0
3012 84000.0
3512 85714.28571428572
4012 80705.88235294117
4512 82320.0
5012 84000.0
5512 80705.88235294117
6011 80640.0
6512 84000.0
7012 84000.0
7512 80571.42857142857
8012 82352.94117647057
8512 82320.0
9012 80640.0
9512 84000.0
10012 84000.0
10512 82320.0
11012 84000.0
11512 80640.0
12012 84000.0
12512 82320.0
13012 84000.0
13512 78960.0
14011 84000.0
14512 84000.0
15012 84000.0
15512 82320.0
16012 82320.0
16511 84000.0
17012 84000.0
17512 84000.0
18012 84000.0
18512 80705.88235294117
19012 84000.0
19511 84000.0
20012 82352.94117647057
20512 84000.0
21012 84000.0
21512 82352.94117647057
22012 82320.0
22512 84000.0
23012 84000.0
23512 84000.0
24012 82320.0
24512 84000.0
25012 82320.0
25512 84000.0
26012 84000.0
26512 82320.0
27012 84000.0
27512 82320.0
28012 84000.0
28512 84000.0
29012 84000.0
29512 82320.0
30012 84000.0
30512 84000.0
31011 85714.28571428572
31532 77538.46153846155
32011 82285.71428571428
32512 84000.0
33012 84000.0
33512 84000.0
34011 82352.94117647057
34512 82320.0
35012 84000.0
35512 84000.0
36012 82320.0
36512 84000.0
37012 82320.0
37512 82320.0
38012 82320.0
38512 84000.0
39012 84000.0
39512 80705.88235294117
40012 84000.0
40512 84000.0
41012 80769.23076923078
41512 82320.0
42012 85680.0
42512 82320.0
43012 84000.0
43511 84000.0
44012 82320.0
44512 84000.0
45012 84000.0
45512 84000.0
46012 82352.94117647057
46512 84000.0
47012 82320.0
47512 85714.28571428572
48012 80705.88235294117
48511 84000.0
49012 84000.0
49512 82320.0
50012 84000.0
50512 82352.94117647057
51012 82320.0
51512 85714.28571428572
52012 84000.0
52512 80705.88235294117
53012 84000.0
53513 84000.0
54011 82320.0
54512 84000.0
55012 82285.71428571428
55512 84000.0
56012 82320.0
56512 84000.0
57012 84000.0
57512 82320.0
58011 85680.0
58512 82320.0
59012 84000.0
59512 82320.0
60012 85714.28571428572
60512 82352.94117647057
61012 84000.0
61512 82320.0
62012 84000.0
62511 82320.0
63012 84000.0
63512 84000.0
64012 82320.0
64512 84000.0
65012 85714.28571428572
65511 82352.94117647057
66012 82320.0
66512 84000.0
67012 82320.0
67512 85680.0
68012 82320.0
68512 84000.0
69012 84000.0
69511 82320.0
70012 87428.57142857143
70512 80705.88235294117
71012 84000.0
71512 84000.0
72012 84000.0
72512 82320.0
73012 87428.57142857143
73512 82320.0
74012 82352.94117647057
74512 82320.0
75012 84000.0
75512 84000.0
76012 82320.0
76512 87428.57142857143
77012 80705.88235294117
77512 82320.0
78012 84000.0
78511 85714.28571428572
79012 82352.94117647057
79512 85714.28571428572
80012 80705.88235294117
80512 84000.0
81012 87428.57142857143
81511 82320.0
82012 80705.88235294117
82511 84000.0
83012 84000.0
83512 84000.0
84012 82320.0
84511 85680.0
85012 82320.0
85512 84000.0
86012 84000.0
86512 85714.28571428572
87012 82320.0
87512 84000.0
88012 80705.88235294117
88512 84000.0
89012 84000.0
89512 84000.0
90012 84000.0
90511 82320.0
91012 84000.0
91512 82320.0
92012 87428.57142857143
92512 80705.88235294117
93011 84000.0
93512 84000.0
94012 82320.0
94512 84000.0
95012 85714.28571428572
95512 82320.0
96012 82352.94117647057
96512 82320.0
97012 84000.0
97512 84000.0
98012 84000.0
98512 84000.0
99012 82320.0
99512 85714.28571428572
100012 82352.94117647057
100511 82320.0
101012 82352.94117647057
101512 82352.94117647057
102012 82320.0
102512 85680.0
103012 82320.0
103512 85714.28571428572
104012 84000.0
104512 80705.88235294117
105012 85714.28571428572
105512 82352.94117647057
106012 82320.0
106512 84000.0
107012 84000.0
107511 84000.0
108012 84000.0
108512 82320.0
109012 84000.0
109512 82320.0
110012 84000.0
110512 84000.0
111012 82320.0
111512 87428.57142857143
112012 80705.88235294117
112511 84000.0
113012 84000.0
113511 82320.0
114012 85680.0
114512 84000.0
115012 82352.94117647057
115512 85714.28571428572
116012 80705.88235294117
116512 84000.0
117012 84000.0
117512 80705.88235294117
118012 87428.57142857143
118512 80705.88235294117
119012 84000.0
119512 82320.0
120011 85680.0
120512 82320.0
121012 84000.0
121513 84000.0
122012 82320.0
122512 85714.28571428572
123012 82352.94117647057
123512 82320.0
124011 84000.0
124511 84000.0
125012 84000.0
125512 82320.0
126012 84000.0
126511 84000.0
127012 84000.0
127512 82320.0
128012 82320.0
128512 84000.0
129012 84000.0
129512 82320.0
130012 85680.0
130512 82320.0
131011 84000.0
131512 82352.94117647057
132012 82320.0
132512 84000.0
133012 84000.0
133512 82320.0
134012 85680.0
134512 82320.0
135012 84000.0
135512 84000.0
136012 67200.0
136512 82320.0
137012 84000.0
137511 84000.0
138012 84000.0
138512 84000.0
139012 82320.0
139512 82320.0
140012 85680.0
140512 84000.0
141011 82352.94117647057
141512 85714.28571428572
142012 82352.94117647057
142512 84000.0
143012 84000.0
143512 82352.94117647057
144012 84000.0
144512 82320.0
145011 87428.57142857143
145511 82320.0
146012 84000.0
146512 82352.94117647057
147012 85714.28571428572
147512 82352.94117647057
148012 84000.0
148512 84000.0
149012 84000.0
149512 82352.94117647057
150012 84000.0
150511 82352.94117647057
151012 84000.0
151512 82320.0
152011 85680.0
152512 84000.0
153012 84000.0
153512 82320.0
154012 84000.0
154512 84000.0
155012 82320.0
155512 84000.0
156011 85714.28571428572
156512 82352.94117647057
157012 82320.0
157512 85680.0
158012 82320.0
158512 84000.0
159012 84000.0
159512 82320.0
160011 84000.0
160512 82320.0
161012 85714.28571428572
161512 82352.94117647057
162012 84000.0
162512 85714.28571428572
163012 82320.0
163512 82352.94117647057
164011 84000.0
164512 84000.0
165012 82320.0
165511 84000.0
166012 84000.0
166512 84000.0
167012 84000.0
167512 85714.28571428572
168012 80705.88235294117
168512 87428.57142857143
169012 80705.88235294117
169512 84000.0
170011 82320.0
170512 84000.0
171012 84000.0
171512 84000.0
172012 84000.0
172512 84000.0
173012 82320.0
173512 84000.0
174012 84000.0
174512 84000.0
175012 84000.0
175511 85714.28571428572
176012 84000.0
176512 82352.94117647057
177012 84000.0
177511 82352.94117647057
178012 84000.0
178512 85714.28571428572
179012 82352.94117647057
179512 82320.0
180012 84000.0
180512 84000.0
181012 82320.0
181512 84000.0
182012 84000.0
182512 85714.28571428572
183012 82352.94117647057
183512 82320.0
184012 84000.0
184512 84000.0
185012 80705.88235294117
185512 85714.28571428572
186012 82352.94117647057
186512 85714.28571428572
187012 82352.94117647057
187512 82320.0
188012 84000.0
188512 84000.0
189012 82320.0
189512 85714.28571428572
190012 82352.94117647057
190512 82320.0
191011 84000.0
191512 82320.0
192012 84000.0
192512 82320.0
193012 84000.0
193511 84000.0
194012 84000.0
194512 82352.94117647057
195012 84000.0
195512 84000.0
196012 84000.0
196512 84000.0
197012 84000.0
197512 82352.94117647057
198012 85714.28571428572
198512 80705.88235294117
199012 85680.0
199512 84000.0
200012 84000.0
200511 82320.0
201012 85714.28571428572
201512 80705.88235294117
202012 85680.0
202511 82320.0
203012 84000.0
203512 82320.0
204012 85714.28571428572
204512 84000.0
205011 82320.0
205512 84000.0
206012 84000.0
206511 84000.0
207012 82320.0
207512 85714.28571428572
208012 82352.94117647057
208512 84000.0
209012 84000.0
209512 82320.0
210012 85714.28571428572
210511 80705.88235294117
211011 84000.0
211512 84000.0
212012 84000.0
212512 84000.0
213012 82352.94117647057
213512 84000.0
214012 85714.28571428572
214512 84000.0
215012 80705.88235294117
215512 84000.0
216012 85714.28571428572
216512 80705.88235294117
217012 85714.28571428572
217512 84000.0
218012 80640.0
218512 85680.0
219012 84000.0
219512 82320.0
220012 84000.0
220512 82352.94117647057
221014 67741.93548387096
221512 70965.51724137932
222012 82352.94117647057
222512 84000.0
223012 82320.0
223512 82320.0
224012 85714.28571428572
224512 80705.88235294117
225012 84000.0
225512 84000.0
226012 84000.0
226512 82320.0
227012 85714.28571428572
227512 84000.0
228012 82352.94117647057
228512 85714.28571428572
229012 84000.0
229512 80705.88235294117
230011 84000.0
230512 84000.0
231012 82320.0
231512 87428.57142857143
232012 82352.94117647057
232512 82320.0
233012 84000.0
233512 84000.0
234012 84000.0
234512 85714.28571428572
235012 84000.0
235512 84000.0
236012 80705.88235294117
236511 85714.28571428572
237012 84000.0
237512 82352.94117647057
238012 85714.28571428572
238512 82320.0
239012 82352.94117647057
239512 84000.0
240012 82320.0
240512 0.0
241012 0.0
