0 0.0
513 84000.0
1013 80640.0
1514 84000.0
2014 82320.0
2514 82320.0
3014 82352.94117647057
3514 82320.0
4014 84000.0
4513 85714.28571428572
5014 77538.46153846155
5514 68600.0
6024 80830.18867924529
6514 82285.71428571428
7013 82320.0
7514 80640.0
8014 84000.0
8513 84000.0
9014 82352.94117647057
9513 82285.71428571428
10013 84000.0
10514 79058.82352941176
11013 82320.0
11514 84000.0
12013 82320.0
12514 80705.88235294117
13014 84000.0
13513 84000.0
14014 82352.94117647057
14514 82320.0
15013 85714.28571428572
15514 82352.94117647057
16013 84000.0
16514 82352.94117647057
17014 82320.0
17513 85714.28571428572
18014 82352.94117647057
18513 84000.0
19014 80705.88235294117
19513 85714.28571428572
20014 82352.94117647057
20514 84000.0
21013 84000.0
21514 84000.0
22013 82320.0
22514 82320.0
23014 85714.28571428572
23513 80705.88235294117
24014 84000.0
24513 84000.0
25034 80769.23076923078
25514 84000.0
26013 82320.0
26513 82320.0
27014 84000.0
27513 82320.0
28014 84000.0
28513 84000.0
29014 82320.0
29514 84000.0
30013 84000.0
30514 82320.0
31013 84000.0
31514 82320.0
32013 84000.0
32513 82320.0
33014 82352.94117647057
33513 84000.0
34014 82352.94117647057
34513 85714.28571428572
35014 80705.88235294117
35513 85714.28571428572
36013 82320.0
36514 82352.94117647057
37013 84000.0
37514 80705.88235294117
38014 82320.0
38513 85714.28571428572
39014 82352.94117647057
39514 84000.0
40013 84000.0
40514 84000.0
41013 85714.28571428572
41514 80705.88235294117
42013 84000.0
42514 84000.0
43013 82320.0
43514 84000.0
44013 84000.0
44514 82320.0
45014 84000.0
45514 84000.0
46014 84000.0
46513 82320.0
47013 84000.0
47514 84000.0
48013 82320.0
48514 84000.0
49013 82320.0
49514 84000.0
50013 82320.0
50514 84000.0
51013 84000.0
51513 84000.0
52014 82320.0
52514 84000.0
53013 82320.0
53516 84000.0
54013 84000.0
54514 82320.0
55013 84000.0
55514 82320.0
56013 85714.28571428572
56514 84000.0
57013 80705.88235294117
57514 84000.0
58013 84000.0
58513 84000.0
59014 84000.0
59513 82320.0
60014 82352.94117647057
60513 85714.28571428572
61013 82320.0
61514 84000.0
62013 82320.0
62514 84000.0
63013 84000.0
63514 82352.94117647057
64013 84000.0
64514 82320.0
65014 84000.0
65514 82320.0
66014 84000.0
66513 84000.0
67014 84000.0
67513 84000.0
68014 84000.0
68513 82320.0
69014 84000.0
69513 84000.0
70014 84000.0
70513 82320.0
71014 84000.0
71513 84000.0
72014 84000.0
72513 84000.0
73014 84000.0
73514 82352.94117647057
74013 84000.0
74514 82352.94117647057
75014 84000.0
75513 85714.28571428572
76014 82352.94117647057
76513 85714.28571428572
77014 80705.88235294117
77514 85714.28571428572
78013 82320.0
78514 84000.0
79014 84000.0
79514 84000.0
80014 85714.28571428572
80513 82320.0
81014 84000.0
81513 84000.0
82014 84000.0
82513 84000.0
83014 84000.0
83514 82352.94117647057
84014 82320.0
84513 84000.0
85014 82320.0
85513 84000.0
86014 84000.0
86514 84000.0
87013 82320.0
87513 84000.0
88014 82320.0
88514 84000.0
89014 84000.0
89514 84000.0
90014 82320.0
90514 84000.0
91013 84000.0
91514 84000.0
92013 82320.0
92514 84000.0
93013 84000.0
93514 84000.0
94013 84000.0
94514 82320.0
95013 84000.0
95514 82320.0
96013 85714.28571428572
96514 82352.94117647057
97013 85714.28571428572
97514 82352.94117647057
98013 84000.0
98513 84000.0
99014 84000.0
99513 84000.0
100014 80705.88235294117
100513 85714.28571428572
101014 82352.94117647057
101513 85714.28571428572
102014 82352.94117647057
102513 85714.28571428572
103014 82352.94117647057
103513 82320.0
104014 84000.0
104513 84000.0
105014 84000.0
105513 82320.0
106014 84000.0
106514 84000.0
107013 82320.0
107514 84000.0
108013 84000.0
108514 82320.0
109014 84000.0
109513 84000.0
110013 84000.0
110514 82320.0
111013 84000.0
111514 84000.0
112013 82320.0
112514 84000.0
113013 84000.0
113514 84000.0
114013 82320.0
114514 84000.0
115013 84000.0
115513 84000.0
116014 82320.0
116513 84000.0
117014 84000.0
117513 82320.0
118014 84000.0
118514 84000.0
119013 82320.0
119513 84000.0
120014 84000.0
120513 84000.0
121014 82320.0
121513 84000.0
122014 84000.0
122513 84000.0
123014 82352.94117647057
123514 85714.28571428572
124013 82320.0
124514 82352.94117647057
125013 85714.28571428572
125514 82320.0
126013 84000.0
126514 82352.94117647057
127013 82320.0
127514 84000.0
128013 84000.0
128513 82320.0
129014 84000.0
129514 84000.0
130013 82320.0
130514 84000.0
131013 84000.0
131514 84000.0
132014 82320.0
132514 84000.0
133013 84000.0
133513 84000.0
134014 84000.0
134513 82320.0
135013 84000.0
135514 84000.0
136013 68880.0
136514 82320.0
137014 84000.0
137513 85714.28571428572
138014 84000.0
138513 82320.0
139014 82352.94117647057
139513 84000.0
140014 84000.0
140513 82320.0
141014 84000.0
141513 84000.0
142014 84000.0
142513 84000.0
143014 82320.0
143514 84000.0
144014 84000.0
144513 84000.0
145014 84000.0
145513 84000.0
146013 82320.0
146514 82352.94117647057
147013 85714.28571428572
147514 84000.0
148013 82320.0
148514 85680.0
149013 85714.28571428572
149514 80705.88235294117
150013 84000.0
150513 84000.0
151014 82320.0
151513 84000.0
152014 84000.0
152513 84000.0
153014 84000.0
153513 84000.0
154014 80705.88235294117
154514 85714.28571428572
155013 82320.0
155514 84000.0
156014 84000.0
156513 84000.0
157013 84000.0
157514 84000.0
158014 82320.0
158513 85714.28571428572
159014 84000.0
159513 82320.0
160013 84000.0
160514 84000.0
161013 82320.0
161514 82352.94117647057
162013 85714.28571428572
162514 82352.94117647057
163014 84000.0
163514 82320.0
164014 84000.0
164513 84000.0
165014 84000.0
165513 84000.0
166013 84000.0
166514 82320.0
167013 84000.0
167514 84000.0
168013 82320.0
168514 84000.0
169013 84000.0
169514 84000.0
170013 84000.0
170514 84000.0
171014 84000.0
171513 85714.28571428572
172013 84000.0
172514 82320.0
173014 82352.94117647057
173514 85714.28571428572
174013 84000.0
174514 82352.94117647057
175014 85714.28571428572
175513 84000.0
176014 82320.0
176513 84000.0
177014 82352.94117647057
177513 85714.28571428572
178014 82352.94117647057
178514 84000.0
179013 84000.0
179514 84000.0
180013 84000.0
180514 82352.94117647057
181013 82320.0
181514 84000.0
182014 84000.0
182513 84000.0
183014 84000.0
183514 84000.0
184013 78960.0
184514 84000.0
185014 84000.0
185513 84000.0
186014 84000.0
186513 82320.0
187014 84000.0
187513 84000.0
188014 82352.94117647057
188514 85714.28571428572
189013 82320.0
189514 84000.0
190013 82320.0
190514 84000.0
191013 82320.0
191514 84000.0
192014 82320.0
192513 84000.0
193014 82320.0
193514 84000.0
194013 84000.0
194514 82320.0
195014 84000.0
195513 84000.0
196014 84000.0
196513 82320.0
197014 84000.0
197513 84000.0
198014 84000.0
198514 84000.0
199014 84000.0
199513 84000.0
200014 82320.0
200514 84000.0
201013 84000.0
201514 85714.28571428572
202013 82320.0
202514 82352.94117647057
203013 84000.0
203514 84000.0
204013 84000.0
204514 82320.0
205014 85680.0
205513 82320.0
206014 84000.0
206513 84000.0
207014 84000.0
207513 84000.0
208014 82320.0
208513 84000.0
209014 84000.0
209513 84000.0
210014 84000.0
210514 84000.0
211013 84000.0
211513 84000.0
212014 82352.94117647057
212513 85714.28571428572
213014 82352.94117647057
213514 84000.0
214013 84000.0
214514 82352.94117647057
215014 84000.0
215514 84000.0
216013 82320.0
216513 84000.0
217014 84000.0
217513 84000.0
218014 84000.0
218513 84000.0
219014 84000.0
219513 82320.0
220014 84000.0
220514 84000.0
221013 84000.0
221514 84000.0
222014 82320.0
222513 84000.0
223014 84000.0
223513 84000.0
224014 82320.0
224513 84000.0
225014 84000.0
225513 82320.0
226014 84000.0
226514 84000.0
227013 82320.0
227514 84000.0
228013 84000.0
228514 84000.0
229013 84000.0
229513 82320.0
230014 82352.94117647057
230513 85714.28571428572
231014 84000.0
231513 84000.0
232014 82320.0
232513 84000.0
233014 84000.0
233513 84000.0
234014 82320.0
234513 84000.0
235014 84000.0
235514 87428.57142857143
236014 82352.94117647057
236514 84000.0
237014 84000.0
237513 84000.0
238014 84000.0
238513 84000.0
239014 80705.88235294117
239513 84000.0
240014 84000.0
240513 84000.0
241014 84000.0
241513 84000.0
242014 82352.94117647057
242513 85714.28571428572
243014 82352.94117647057
243514 84000.0
244013 84000.0
244514 84000.0
245014 82352.94117647057
245514 79153.84615384614
246014 85714.28571428572
246514 82320.0
247013 84000.0
247514 84000.0
248013 85714.28571428572
248514 82352.94117647057
249013 85714.28571428572
249514 82352.94117647057
250014 82320.0
250513 84000.0
251013 84000.0
251514 82352.94117647057
252013 85714.28571428572
252514 82352.94117647057
253013 84000.0
253514 84000.0
254014 84000.0
254513 82320.0
255013 84000.0
255513 82320.0
256013 84000.0
256514 82352.94117647057
257014 85714.28571428572
257513 82320.0
258014 82352.94117647057
258513 85714.28571428572
259014 82352.94117647057
259514 85714.28571428572
260013 82352.94117647057
260514 84000.0
261013 84000.0
261514 82352.94117647057
262013 85714.28571428572
262514 80705.88235294117
263013 84000.0
263514 84000.0
264013 84000.0
264514 84000.0
265013 82320.0
265514 84000.0
266013 82320.0
266513 84000.0
267014 84000.0
267513 84000.0
268014 84000.0
268513 85714.28571428572
269014 80705.88235294117
269513 85714.28571428572
270014 82352.94117647057
270513 85714.28571428572
271013 84000.0
271514 82320.0
272013 84000.0
272513 82352.94117647057
273014 82320.0
273513 84000.0
274014 84000.0
274513 75600.00000000001
275014 84000.0
275514 84000.0
276014 82320.0
276514 84000.0
277013 84000.0
277514 84000.0
278013 84000.0
278514 82320.0
279013 84000.0
279513 84000.0
280014 84000.0
280513 84000.0
281014 84000.0
281513 82320.0
282014 84000.0
282513 84000.0
283014 84000.0
283513 82320.0
284014 84000.0
284513 84000.0
285014 84000.0
285514 84000.0
286013 85714.28571428572
286514 82352.94117647057
287013 84000.0
287514 82320.0
288013 84000.0
288514 84000.0
289013 84000.0
289514 84000.0
290013 82320.0
290513 84000.0
291014 84000.0
291513 84000.0
292014 82352.94117647057
292513 85714.28571428572
293014 82352.94117647057
293513 85714.28571428572
294014 80705.88235294117
294514 85714.28571428572
295013 84000.0
295513 84000.0
296013 84000.0
296513 82320.0
297013 85714.28571428572
297514 84000.0
298013 84000.0
298514 84000.0
299013 84000.0
299514 82320.0
300014 82352.94117647057
300513 85714.28571428572
301014 82352.94117647057
301514 84000.0
302014 84000.0
302513 84000.0
303014 82352.94117647057
303513 84000.0
304014 82352.94117647057
304513 84000.0
305013 84000.0
305513 84000.0
306013 84000.0
306514 80705.88235294117
307014 84000.0
307513 85714.28571428572
308014 82352.94117647057
308513 85714.28571428572
309014 84000.0
309513 82320.0
310014 84000.0
310513 84000.0
311014 84000.0
311513 84000.0
312014 84000.0
312513 82320.0
313014 84000.0
313513 85714.28571428572
314014 84000.0
314513 84000.0
315014 84000.0
315513 84000.0
316014 84000.0
316513 80705.88235294117
317014 84000.0
317513 84000.0
318014 84000.0
318513 84000.0
319014 84000.0
319513 84000.0
320014 82320.0
320513 84000.0
321014 84000.0
321514 80705.88235294117
322013 85714.28571428572
322514 82352.94117647057
323014 85714.28571428572
323514 84000.0
324013 84000.0
324514 84000.0
325014 84000.0
325513 82320.0
326014 85714.28571428572
326513 84000.0
327014 84000.0
327514 82352.94117647057
328013 84000.0
328514 84000.0
329014 84000.0
329513 82352.94117647057
330014 84000.0
330513 84000.0
331013 82320.0
331514 84000.0
332014 82352.94117647057
332513 85714.28571428572
333014 84000.0
333514 84000.0
334013 82320.0
334514 84000.0
335013 85714.28571428572
335514 80705.88235294117
336013 85714.28571428572
336513 82352.94117647057
337013 84000.0
337514 84000.0
338013 84000.0
338514 82320.0
339013 84000.0
339513 84000.0
340014 84000.0
340513 84000.0
341014 84000.0
341513 82320.0
342014 84000.0
342514 84000.0
343013 84000.0
343514 82352.94117647057
344013 85714.28571428572
344514 84000.0
345014 82320.0
345513 85714.28571428572
346014 82352.94117647057
346513 84000.0
347014 82320.0
347513 84000.0
348014 84000.0
348513 84000.0
349014 84000.0
349513 84000.0
350014 82320.0
350513 84000.0
351014 84000.0
351513 82320.0
352014 84000.0
352514 84000.0
353014 84000.0
353513 82320.0
354013 84000.0
354514 84000.0
355013 84000.0
355513 84000.0
356014 84000.0
356513 82320.0
357014 84000.0
357513 84000.0
358013 84000.0
358514 84000.0
359013 82320.0
359513 84000.0
360013 84000.0
360514 84000.0
361014 82352.94117647057
361513 85714.28571428572
362014 82352.94117647057
362513 84000.0
363014 84000.0
363513 84000.0
364014 84000.0
364513 84000.0
365013 82320.0
365514 84000.0
366013 85714.28571428572
366514 82352.94117647057
367014 85714.28571428572
367513 84000.0
368014 82352.94117647057
368513 82320.0
369014 84000.0
369513 84000.0
370013 84000.0
370514 84000.0
371013 84000.0
371514 84000.0
372014 80705.88235294117
372513 85714.28571428572
373014 84000.0
373513 84000.0
374014 82320.0
374513 84000.0
375014 84000.0
375514 84000.0
376013 84000.0
376514 85714.28571428572
377013 84000.0
377514 82352.94117647057
378013 84000.0
378514 80705.88235294117
379013 85714.28571428572
379514 84000.0
380013 85714.28571428572
380514 84000.0
381014 82352.94117647057
381513 84000.0
382014 82352.94117647057
382513 85714.28571428572
383014 82352.94117647057
383513 84000.0
384014 82320.0
384513 82320.0
385014 84000.0
385513 84000.0
386014 82352.94117647057
386513 84000.0
387013 84000.0
387514 84000.0
388014 82352.94117647057
388513 85714.28571428572
389014 84000.0
389513 82320.0
390014 84000.0
390513 85714.28571428572
391014 82352.94117647057
391513 84000.0
392014 82320.0
392513 84000.0
393014 84000.0
393513 84000.0
394014 82352.94117647057
394513 85714.28571428572
395014 84000.0
395514 82352.94117647057
396013 85714.28571428572
396514 84000.0
397013 84000.0
397514 84000.0
398014 82320.0
398513 85714.28571428572
399013 84000.0
399514 84000.0
400013 84000.0
400514 84000.0
401014 80705.88235294117
401513 84000.0
402014 84000.0
402514 84000.0
403014 82320.0
403514 84000.0
404013 84000.0
404514 84000.0
405013 84000.0
405514 84000.0
406014 82352.94117647057
406514 84000.0
407013 84000.0
407513 84000.0
408014 85680.0
408513 82320.0
409014 84000.0
409513 84000.0
410014 84000.0
410513 82320.0
411014 84000.0
411513 85714.28571428572
412014 82352.94117647057
412514 84000.0
413013 84000.0
413514 84000.0
414013 84000.0
414513 84000.0
415014 82320.0
415513 84000.0
416014 84000.0
416514 84000.0
417014 84000.0
417513 82320.0
418014 84000.0
418513 84000.0
419014 84000.0
419513 84000.0
420014 84000.0
420513 85714.28571428572
421014 82352.94117647057
421513 85714.28571428572
422014 84000.0
422513 80705.88235294117
423014 84000.0
423514 84000.0
424013 84000.0
424514 80705.88235294117
425013 82352.94117647057
425513 82352.94117647057
426014 82352.94117647057
426513 78960.0
427014 84000.0
427513 85714.28571428572
428014 84000.0
428513 84000.0
429014 84000.0
429513 82320.0
430014 84000.0
430513 84000.0
431013 84000.0
431513 84000.0
432014 82320.0
432513 84000.0
433014 84000.0
433513 82320.0
434014 82352.94117647057
434514 85714.28571428572
435013 84000.0
435514 84000.0
436014 84000.0
436513 82320.0
437014 84000.0
437513 84000.0
438014 84000.0
438514 84000.0
439014 84000.0
439513 84000.0
440014 84000.0
440513 84000.0
441013 84000.0
441514 84000.0
442013 84000.0
442513 84000.0
443013 84000.0
443513 82352.94117647057
444014 84000.0
444513 82320.0
445014 84000.0
445513 84000.0
446014 84000.0
446513 84000.0
447014 82320.0
447513 84000.0
448013 84000.0
448514 82320.0
449014 84000.0
449513 84000.0
450014 82352.94117647057
450513 85714.28571428572
451014 84000.0
451513 82320.0
452014 84000.0
452513 84000.0
453014 85680.0
453513 84000.0
454014 82352.94117647057
454513 85714.28571428572
455014 82320.0
455513 84000.0
456014 84000.0
456513 82352.94117647057
457014 82320.0
457513 84000.0
458014 82352.94117647057
458513 85714.28571428572
459013 84000.0
459514 84000.0
460013 84000.0
460514 82320.0
461013 85714.28571428572
461514 82352.94117647057
462013 85714.28571428572
462514 84000.0
463013 84000.0
463514 80705.88235294117
464013 85714.28571428572
464514 84000.0
465014 82352.94117647057
465514 84000.0
466014 82320.0
466514 82352.94117647057
467013 87428.57142857143
467514 82320.0
468013 85714.28571428572
468514 82352.94117647057
469013 84000.0
469514 84000.0
470014 82320.0
470513 84000.0
471013 84000.0
471514 84000.0
472013 82320.0
472514 84000.0
473014 84000.0
473513 84000.0
474014 84000.0
474513 84000.0
475014 84000.0
475513 82320.0
476014 84000.0
476514 82352.94117647057
477013 85714.28571428572
477514 84000.0
478013 82320.0
478513 87428.57142857143
479014 84000.0
479514 82352.94117647057
480014 85714.28571428572
480513 82352.94117647057
481014 84000.0
481513 82320.0
482013 84000.0
482514 84000.0
483013 84000.0
483514 84000.0
484013 82320.0
484513 84000.0
485014 80769.23076923078
485513 72413.79310344828
486013 84000.0
486513 84000.0
487014 84000.0
487513 84000.0
488014 84000.0
488513 84000.0
489014 84000.0
489513 82320.0
490014 84000.0
490514 84000.0
491013 84000.0
491514 84000.0
492013 84000.0
492514 84000.0
493013 84000.0
493514 84000.0
494013 82320.0
494514 84000.0
495013 85680.0
495514 82320.0
496013 84000.0
496513 84000.0
497014 84000.0
497513 82352.94117647057
498014 84000.0
498513 84000.0
499014 84000.0
499514 82320.0
500013 84000.0
500514 84000.0
501013 84000.0
501514 84000.0
502013 84000.0
502514 84000.0
503013 82320.0
503514 84000.0
504013 85714.28571428572
504514 80705.88235294117
505013 85714.28571428572
505513 84000.0
506013 84000.0
506514 78960.0
507013 84000.0
507513 84000.0
508014 82352.94117647057
508513 85714.28571428572
509014 85680.0
509513 82320.0
510014 80640.0
510513 84000.0
511013 84000.0
511514 84000.0
512013 82320.0
512513 84000.0
513014 82352.94117647057
513513 84000.0
514014 84000.0
514513 84000.0
515014 84000.0
515513 84000.0
516014 84000.0
516513 84000.0
517014 84000.0
517513 84000.0
518014 82320.0
518513 84000.0
519014 84000.0
519514 84000.0
520013 84000.0
520514 84000.0
521013 84000.0
521513 84000.0
522014 84000.0
522513 82320.0
523014 84000.0
523513 84000.0
524014 84000.0
524514 84000.0
525013 84000.0
525514 82352.94117647057
526013 82320.0
526514 84000.0
527013 85714.28571428572
527514 84000.0
528014 84000.0
528513 82320.0
529014 84000.0
529513 84000.0
530014 84000.0
530513 84000.0
531013 82320.0
531513 84000.0
532014 84000.0
532513 84000.0
533013 84000.0
533514 82320.0
534013 84000.0
534513 84000.0
535014 82352.94117647057
535513 84000.0
536014 82320.0
536513 84000.0
537014 84000.0
537513 84000.0
538014 84000.0
538513 84000.0
539014 84000.0
539513 85714.28571428572
540014 82352.94117647057
540513 84000.0
541014 84000.0
541513 84000.0
542014 84000.0
542513 84000.0
543014 84000.0
543513 82320.0
544014 84000.0
544513 85714.28571428572
545014 75923.07692307692
545514 84000.0
546014 82320.0
546513 84000.0
547014 84000.0
547513 84000.0
548014 84000.0
548513 84000.0
549014 80705.88235294117
549513 85714.28571428572
550014 82320.0
550513 84000.0
551014 84000.0
551513 84000.0
552013 82352.94117647057
552514 85714.28571428572
553014 84000.0
553513 84000.0
554014 84000.0
554514 82320.0
555013 84000.0
555513 84000.0
556014 82352.94117647057
556513 85714.28571428572
557014 84000.0
557514 84000.0
558013 82320.0
558514 82320.0
559013 84000.0
559514 82352.94117647057
560014 84000.0
560514 84000.0
561014 84000.0
561513 84000.0
562014 82320.0
562513 84000.0
563014 80640.0
563513 82320.0
564013 84000.0
564514 84000.0
565013 84000.0
565514 85714.28571428572
566014 82352.94117647057
566513 84000.0
567014 85680.0
567514 84000.0
568014 84000.0
568513 82320.0
569014 84000.0
569513 84000.0
570014 84000.0
570514 84000.0
571013 84000.0
571514 84000.0
572013 84000.0
572514 80640.0
573013 84000.0
573514 84000.0
574014 84000.0
574514 84000.0
575013 82320.0
575514 84000.0
576014 82352.94117647057
576513 85714.28571428572
577014 84000.0
577513 82320.0
578014 84000.0
578513 84000.0
579013 84000.0
579514 84000.0
580013 82352.94117647057
580514 84000.0
581013 85714.28571428572
581514 84000.0
582013 82320.0
582513 84000.0
583013 84000.0
583513 84000.0
584014 84000.0
584514 84000.0
585014 82352.94117647057
585513 84000.0
586014 82352.94117647057
586514 85714.28571428572
587014 82352.94117647057
587513 85714.28571428572
588014 84000.0
588514 84000.0
589013 84000.0
589514 84000.0
590013 82320.0
590514 84000.0
591013 84000.0
591514 84000.0
592013 80705.88235294117
592514 84000.0
593013 84000.0
593513 84000.0
594014 85714.28571428572
594513 84000.0
595014 82320.0
595513 84000.0
596013 84000.0
596514 84000.0
597013 82320.0
597513 84000.0
598014 84000.0
598513 85680.0
599013 84000.0
599514 84000.0
600013 82320.0
600514 84000.0
601014 82352.94117647057
601513 84000.0
602013 84000.0
602514 84000.0
603014 80705.88235294117
603513 85714.28571428572
604014 82352.94117647057
604513 85714.28571428572
605014 84000.0
605513 82352.94117647057
606013 82320.0
606513 84000.0
607013 84000.0
607514 84000.0
608013 84000.0
608514 84000.0
609014 84000.0
609514 82320.0
610014 84000.0
610513 84000.0
611014 84000.0
611513 85680.0
612014 84000.0
612513 80705.88235294117
613014 84000.0
613514 84000.0
614014 84000.0
614514 84000.0
615013 85714.28571428572
615514 82320.0
616014 82352.94117647057
616513 85714.28571428572
617014 84000.0
617514 84000.0
618013 84000.0
618514 80705.88235294117
619013 85714.28571428572
619514 84000.0
620013 84000.0
620513 84000.0
621014 84000.0
621513 82320.0
622014 84000.0
622514 84000.0
623013 84000.0
623514 84000.0
624013 82320.0
624514 84000.0
625013 84000.0
625514 85714.28571428572
626014 82320.0
626513 84000.0
627014 84000.0
627513 84000.0
628014 84000.0
628514 84000.0
629013 84000.0
629514 84000.0
630013 84000.0
630513 84000.0
631014 82320.0
631514 84000.0
632013 84000.0
632514 84000.0
633013 84000.0
633514 84000.0
634013 82320.0
634513 84000.0
635014 84000.0
635513 84000.0
636013 84000.0
636513 84000.0
637014 84000.0
637513 82352.94117647057
638014 84000.0
638513 84000.0
639014 84000.0
639513 84000.0
640013 84000.0
640513 82320.0
641014 84000.0
641514 84000.0
642013 82352.94117647057
642513 84000.0
643013 84000.0
643514 84000.0
644014 84000.0
644514 84000.0
645013 84000.0
645514 84000.0
646014 82352.94117647057
646514 85714.28571428572
647013 84000.0
647513 84000.0
648014 84000.0
648513 84000.0
649013 84000.0
649513 84000.0
650014 82352.94117647057
650514 84000.0
651013 84000.0
651514 82352.94117647057
652013 60000.0
652514 82320.0
653014 84000.0
653513 84000.0
654013 84000.0
654514 84000.0
655013 82320.0
655513 84000.0
656013 84000.0
656514 84000.0
657014 82352.94117647057
657513 85714.28571428572
658014 84000.0
658513 84000.0
659014 84000.0
659514 82352.94117647057
660013 84000.0
660514 84000.0
661013 84000.0
661514 84000.0
662014 84000.0
662513 84000.0
663014 82320.0
663513 84000.0
664013 84000.0
664514 84000.0
665013 84000.0
665514 82320.0
666013 84000.0
666514 84000.0
667014 84000.0
667513 84000.0
668013 84000.0
668514 82352.94117647057
669013 85714.28571428572
669514 80705.88235294117
670013 85714.28571428572
670514 82352.94117647057
671014 85714.28571428572
671513 84000.0
672014 84000.0
672514 82352.94117647057
673013 84000.0
673514 84000.0
674013 84000.0
674513 84000.0
675014 84000.0
675514 84000.0
676014 82320.0
676513 85714.28571428572
677014 82352.94117647057
677513 84000.0
678014 82352.94117647057
678513 85714.28571428572
679014 84000.0
679514 84000.0
680013 84000.0
680514 84000.0
681013 84000.0
681513 84000.0
682014 84000.0
682514 82320.0
683013 82320.0
683514 84000.0
684014 82320.0
684513 82320.0
685013 84000.0
685514 84000.0
686013 85714.28571428572
686514 80640.0
687014 84000.0
687513 84000.0
688014 82320.0
688513 82352.94117647057
689013 82320.0
689514 84000.0
690013 84000.0
690514 84000.0
691013 85714.28571428572
691514 84000.0
692013 84000.0
692514 84000.0
693013 82320.0
693513 84000.0
694014 84000.0
694514 84000.0
695013 84000.0
695514 84000.0
696013 82320.0
696514 84000.0
697013 84000.0
697514 84000.0
698013 84000.0
698514 82352.94117647057
699013 85714.28571428572
699514 84000.0
700014 84000.0
700513 82320.0
701014 84000.0
701514 82352.94117647057
702013 85714.28571428572
702514 84000.0
703013 84000.0
703514 84000.0
704013 84000.0
704514 84000.0
705013 84000.0
705514 84000.0
706013 84000.0
706513 82320.0
707014 84000.0
707513 84000.0
708014 82352.94117647057
708513 84000.0
709014 82320.0
709513 85714.28571428572
710014 84000.0
710514 82352.94117647057
711013 85714.28571428572
711514 84000.0
712014 84000.0
712514 82320.0
713014 84000.0
713514 84000.0
714013 84000.0
714514 84000.0
715013 84000.0
715514 82352.94117647057
716013 84000.0
716514 84000.0
717014 85680.0
717513 84000.0
718014 82352.94117647057
718513 82320.0
719014 84000.0
719513 85714.28571428572
720013 84000.0
720514 82352.94117647057
721013 85714.28571428572
721514 82320.0
722014 82352.94117647057
722513 85714.28571428572
723014 84000.0
723513 84000.0
724013 84000.0
724514 84000.0
725014 82352.94117647057
725514 80769.23076923078
726013 73500.0
726513 84000.0
727014 84000.0
727514 82320.0
728013 84000.0
728514 84000.0
729013 84000.0
729514 84000.0
730013 84000.0
730514 82352.94117647057
731014 85714.28571428572
731514 84000.0
732013 84000.0
732513 82320.0
733014 84000.0
733513 84000.0
734014 84000.0
734513 84000.0
735014 84000.0
735513 85714.28571428572
736014 80705.88235294117
736513 85714.28571428572
737014 84000.0
737513 82352.94117647057
738014 84000.0
738513 84000.0
739014 84000.0
739513 84000.0
740014 84000.0
740513 82320.0
741014 84000.0
741513 84000.0
742014 82320.0
742513 84000.0
743014 84000.0
743514 84000.0
744013 84000.0
744514 84000.0
745013 84000.0
745514 84000.0
746013 84000.0
746514 84000.0
747013 84000.0
747514 84000.0
748013 82320.0
748513 84000.0
749014 84000.0
749513 84000.0
750014 84000.0
750513 85714.28571428572
751014 80705.88235294117
751513 84000.0
752014 84000.0
752513 84000.0
753014 84000.0
753513 84000.0
754014 84000.0
754513 82320.0
755014 85714.28571428572
755513 84000.0
756014 84000.0
756514 80705.88235294117
757013 84000.0
757514 84000.0
758013 84000.0
758514 84000.0
759014 82352.94117647057
759514 85714.28571428572
760013 82320.0
760514 84000.0
761013 84000.0
761514 84000.0
762013 84000.0
762514 84000.0
763013 82320.0
763514 84000.0
764013 84000.0
764514 84000.0
765013 85714.28571428572
765513 84000.0
766014 84000.0
766513 84000.0
767014 82352.94117647057
767513 84000.0
768014 84000.0
768514 82320.0
769013 84000.0
769513 84000.0
770014 84000.0
770513 84000.0
771014 87428.57142857143
771513 82320.0
772014 84000.0
772514 82352.94117647057
773013 85714.28571428572
773514 80705.88235294117
774013 84000.0
774514 84000.0
775013 84000.0
775514 84000.0
776014 84000.0
776513 84000.0
777014 84000.0
777513 84000.0
778013 82320.0
778514 84000.0
779013 84000.0
779514 84000.0
780014 84000.0
780513 84000.0
781013 84000.0
781513 82320.0
782014 84000.0
782513 84000.0
783014 84000.0
783513 84000.0
784013 84000.0
784514 84000.0
785013 80705.88235294117
785513 82352.94117647057
786013 84000.0
786513 84000.0
787014 84000.0
787513 84000.0
788014 82352.94117647057
788513 85714.28571428572
789014 82352.94117647057
789513 84000.0
790013 84000.0
790514 82320.0
791013 84000.0
791514 82320.0
792013 84000.0
792514 84000.0
793013 84000.0
793514 82352.94117647057
794014 85714.28571428572
794514 84000.0
795013 84000.0
795514 84000.0
796014 85714.28571428572
796513 82352.94117647057
797013 82320.0
797514 84000.0
798013 84000.0
798514 84000.0
799013 84000.0
799514 84000.0
800014 84000.0
800513 82320.0
801014 84000.0
801513 85714.28571428572
802014 82352.94117647057
802513 85714.28571428572
803013 82320.0
803513 82352.94117647057
804014 84000.0
804514 84000.0
805014 82352.94117647057
805513 84000.0
806013 84000.0
806513 84000.0
807014 84000.0
807513 84000.0
808014 84000.0
808513 85714.28571428572
809013 84000.0
809514 84000.0
810013 80705.88235294117
810514 84000.0
811013 84000.0
811514 82320.0
812013 84000.0
812514 84000.0
813013 84000.0
813514 84000.0
814013 84000.0
814514 84000.0
815013 84000.0
815514 82320.0
816013 84000.0
816514 84000.0
817014 84000.0
817514 84000.0
818013 84000.0
818514 84000.0
819013 82320.0
819514 84000.0
820013 84000.0
820514 84000.0
821013 84000.0
821514 84000.0
822013 85714.28571428572
822513 84000.0
823014 84000.0
823514 82352.94117647057
824013 84000.0
824514 84000.0
825013 82352.94117647057
825514 84000.0
826013 82320.0
826513 84000.0
827014 84000.0
827514 84000.0
828013 85680.0
828514 84000.0
829014 84000.0
829514 82320.0
830013 84000.0
830514 84000.0
831013 84000.0
831514 84000.0
832013 84000.0
832513 82320.0
833014 84000.0
833513 84000.0
834014 85714.28571428572
834513 82352.94117647057
835014 84000.0
835514 84000.0
836014 84000.0
836513 82320.0
837013 84000.0
837514 84000.0
838013 84000.0
838513 84000.0
839014 84000.0
839513 82320.0
840013 84000.0
840514 84000.0
841013 84000.0
841514 84000.0
842014 84000.0
842513 84000.0
843014 85714.28571428572
843514 84000.0
844013 82352.94117647057
844514 84000.0
845013 82320.0
845514 82352.94117647057
846014 84000.0
846513 84000.0
847014 82320.0
847514 84000.0
848013 84000.0
848514 84000.0
849013 84000.0
849514 84000.0
850013 84000.0
850514 84000.0
851013 85714.28571428572
851514 82352.94117647057
852013 82320.0
852514 84000.0
853013 84000.0
853514 82352.94117647057
854013 84000.0
854513 84000.0
855014 87428.57142857143
855513 84000.0
856014 84000.0
856513 82320.0
857013 0.0
857513 0.0
