0 0.0
505 82250.0
1016 79153.84615384614
1515 82320.0
2016 84000.0
2515 82320.0
3016 82320.0
3516 84000.0
4015 84000.0
4515 84000.0
5015 82320.0
5516 80705.88235294117
6016 85714.28571428572
6516 84000.0
7016 80640.0
7516 78960.0
8016 84000.0
8516 84000.0
9016 77411.76470588235
9516 84000.0
10016 85714.28571428572
10516 80640.0
11016 82320.0
11516 82352.94117647057
12016 82320.0
12516 82320.0
13016 82320.0
13516 84000.0
14016 84000.0
14516 84000.0
15016 84000.0
15516 82352.94117647057
16016 82320.0
16516 84000.0
17016 84000.0
17516 82320.0
18016 84000.0
18516 82352.94117647057
19015 84000.0
19516 84000.0
20015 84000.0
20516 82320.0
21016 84000.0
21516 84000.0
22016 82320.0
22516 84000.0
23016 84000.0
23516 82320.0
24016 84000.0
24515 82352.94117647057
25015 84000.0
25516 82352.94117647057
26015 82320.0
26516 84000.0
27016 84000.0
27516 84000.0
28016 82320.0
28516 85680.0
29016 82320.0
29536 80769.23076923078
30016 82285.71428571428
30516 84000.0
31016 84000.0
31516 82320.0
32016 84000.0
32516 82320.0
33016 84000.0
33515 82320.0
34016 84000.0
34515 82320.0
35016 84000.0
35515 84000.0
36016 82320.0
36516 84000.0
37016 80640.0
37516 80640.0
38016 82320.0
38516 84000.0
39016 82320.0
39516 85680.0
40016 82320.0
40516 82320.0
41016 85680.0
41516 82320.0
42016 84000.0
42515 82320.0
43016 84000.0
43516 84000.0
44016 82320.0
44516 84000.0
45016 82320.0
45516 84000.0
46016 84000.0
46516 82320.0
47016 84000.0
47516 84000.0
48016 80705.88235294117
48516 85714.28571428572
49016 82320.0
49516 84000.0
50016 82320.0
50515 84000.0
51015 84000.0
51516 82320.0
52016 84000.0
52515 82352.94117647057
53015 82320.0
53518 85714.28571428572
54006 82285.71428571428
54516 82352.94117647057
55016 84000.0
55515 84000.0
56016 82320.0
56516 84000.0
57016 84000.0
57516 84000.0
58016 84000.0
58516 82320.0
59016 84000.0
59516 82320.0
60015 84000.0
60516 82320.0
61015 84000.0
61515 84000.0
62016 82320.0
62516 84000.0
63015 82320.0
63516 84000.0
64016 82320.0
64516 84000.0
65016 84000.0
65516 82320.0
66015 85680.0
66516 84000.0
67016 82352.94117647057
67516 84000.0
68016 82320.0
68516 84000.0
69015 84000.0
69516 84000.0
70016 84000.0
70516 84000.0
71016 84000.0
71516 84000.0
72016 82320.0
72516 84000.0
73016 84000.0
73516 84000.0
74016 82320.0
74516 84000.0
75016 84000.0
75515 82320.0
76015 84000.0
76516 84000.0
77016 82320.0
77515 84000.0
78015 84000.0
78516 82320.0
79016 84000.0
79516 85680.0
80016 82320.0
80516 82352.94117647057
81016 84000.0
81515 84000.0
82016 82320.0
82516 85680.0
83016 84000.0
83516 82320.0
84015 84000.0
84516 84000.0
85016 84000.0
85516 79245.28301886792
86016 80705.88235294117
86515 0.0
