0 77538.46153846155
500 79058.82352941176
1000 80640.0
1510 85680.0
2000 82320.0
2500 84000.0
3000 79058.82352941176
3500 84000.0
4000 87428.57142857143
4500 79058.82352941176
5000 84000.0
5500 82320.0
6000 85714.28571428572
6500 84000.0
7000 79058.82352941176
7500 78960.0
8000 84000.0
8510 85680.0
9000 78960.0
9510 85680.0
10000 82285.71428571428
10500 77411.76470588235
11000 84000.0
11500 84000.0
12000 82320.0
12500 84000.0
13000 84000.0
13500 82320.0
14010 84000.0
14510 80640.0
15010 82352.94117647057
15500 84000.0
16000 82320.0
16500 84000.0
17000 85714.28571428572
17500 82320.0
18000 80705.88235294117
18500 84000.0
19000 84000.0
19500 85714.28571428572
20000 80705.88235294117
20500 84000.0
21000 82320.0
21510 84000.0
22000 84000.0
22500 82320.0
23000 85714.28571428572
23520 79153.84615384614
24000 84000.0
24500 82352.94117647057
25000 85714.28571428572
25510 79153.84615384614
26000 84000.0
26500 84000.0
27000 82320.0
27500 84000.0
28010 82352.94117647057
28500 85750.0
29000 82320.0
29499 82320.0
30010 85647.05882352941
30500 82285.71428571428
31009 84000.0
31510 82352.94117647057
32010 80640.0
32510 85714.28571428572
33000 84000.0
33500 82352.94117647057
34000 84000.0
34500 80705.88235294117
35000 87428.57142857143
35500 80705.88235294117
36000 82320.0
36500 84000.0
37010 84000.0
37500 78960.0
38000 84000.0
38500 84000.0
38999 84000.0
39510 84000.0
40000 82320.0
40510 84000.0
41000 82285.71428571428
41500 84000.0
42010 84000.0
42509 82320.0
43010 84000.0
43500 82250.0
44010 84000.0
44510 84000.0
45000 82285.71428571428
45500 85680.0
46000 82352.94117647057
46500 82320.0
47000 84000.0
47500 84000.0
48000 84000.0
48500 82320.0
49000 82352.94117647057
49500 84000.0
50000 82320.0
50510 82384.61538461539
51000 85750.0
51500 84000.0
52000 82320.0
52500 82320.0
53002 84000.0
53500 82352.94117647057
54000 84000.0
54500 82352.94117647057
55000 82320.0
55510 84000.0
56000 84000.0
56500 82320.0
57000 84000.0
57500 85714.28571428572
58000 80705.88235294117
58500 85714.28571428572
59000 84000.0
59500 80705.88235294117
60000 84000.0
60500 82320.0
60999 85714.28571428572
61510 82384.61538461539
62000 84000.0
62500 84000.0
63000 84000.0
63500 82352.94117647057
64010 82352.94117647057
64500 85750.0
65000 82352.94117647057
65500 82320.0
66000 85714.28571428572
66500 82352.94117647057
67010 84000.0
67500 82285.71428571428
68000 84000.0
68500 84000.0
69000 84000.0
69500 84000.0
70000 82320.0
70500 87428.57142857143
71009 80769.23076923078
71510 85714.28571428572
72000 84000.0
72500 82352.94117647057
73000 85714.28571428572
73510 80769.23076923078
74010 85714.28571428572
74500 82320.0
75000 85714.28571428572
75510 80769.23076923078
76000 84000.0
76510 85680.0
77010 80705.88235294117
77500 85750.0
78000 82320.0
78500 85680.0
79010 82352.94117647057
79500 82320.0
80000 84000.0
80500 84000.0
81010 82352.94117647057
81510 84000.0
82000 85750.0
82500 84000.0
83010 80769.23076923078
83510 85714.28571428572
84010 82352.94117647057
84499 84000.0
85010 85680.0
85500 82320.0
86000 82320.0
86509 85680.0
87010 84000.0
87500 82285.71428571428
88000 84000.0
88500 82320.0
89000 79153.84615384614
89500 64615.38461538461
90000 80769.23076923078
90500 84000.0
91000 82320.0
91500 82320.0
92000 84000.0
92500 84000.0
93000 84000.0
93500 82320.0
94000 84000.0
94500 84000.0
95000 82320.0
95500 84000.0
96000 82320.0
96510 84000.0
97000 84000.0
97510 85680.0
98010 82352.94117647057
98500 84000.0
99000 84000.0
99500 84000.0
100009 80705.88235294117
100510 84000.0
101000 85714.28571428572
101500 82320.0
102000 84000.0
102500 82320.0
103009 85647.05882352941
103510 82320.0
104000 84000.0
104500 84000.0
105001 84000.0
105500 82320.0
106000 84000.0
106500 82320.0
107000 84000.0
107510 84000.0
108010 82320.0
108500 85714.28571428572
109000 82320.0
109500 84000.0
110000 82320.0
110500 84000.0
111000 84000.0
111500 84000.0
112010 84000.0
112500 82285.71428571428
113000 84000.0
113500 82320.0
114010 85647.05882352941
114510 82320.0
115000 84000.0
115500 82320.0
116000 84000.0
116500 84000.0
117000 82320.0
117500 84000.0
118000 82320.0
118500 84000.0
119000 84000.0
119500 84000.0
120010 82352.94117647057
120500 84000.0
121010 85680.0
121510 79153.84615384614
122010 85714.28571428572
122500 84000.0
123000 84000.0
123500 84000.0
124009 82352.94117647057
124510 84000.0
125010 82320.0
125510 84000.0
126000 80640.0
126500 87428.57142857143
127000 82320.0
127500 84000.0
128010 84000.0
128500 82320.0
129001 84000.0
129500 82352.94117647057
130000 82320.0
130499 85680.0
131010 84000.0
131500 84000.0
132000 82352.94117647057
132500 82320.0
133000 85714.28571428572
133500 82352.94117647057
134000 85714.28571428572
134500 82352.94117647057
135000 84000.0
