0 0.0
509 82285.71428571428
1009 80640.0
1509 82320.0
2009 82352.94117647057
2509 82285.71428571428
3009 85680.0
3509 82320.0
4009 82352.94117647057
4509 82285.71428571428
5009 84000.0
5509 82320.0
6008 84000.0
6509 84000.0
7009 80640.0
7509 79058.82352941176
8009 84000.0
8509 84000.0
9009 80640.0
9509 82320.0
10009 84000.0
10509 82320.0
11009 84000.0
11509 80640.0
12009 82352.94117647057
12509 84000.0
13009 84000.0
13509 80705.88235294117
14009 82285.71428571428
14509 84000.0
15009 82352.94117647057
15509 85714.28571428572
16009 82320.0
16509 84000.0
17009 82320.0
17509 84000.0
18009 84000.0
18509 80705.88235294117
19008 84000.0
19509 82352.94117647057
20009 82320.0
20509 85714.28571428572
21009 82352.94117647057
21509 84000.0
22009 84000.0
22509 84000.0
23009 82320.0
23509 84000.0
24009 80705.88235294117
24529 80769.23076923078
25009 85787.23404255319
25509 84000.0
26009 82320.0
26508 84000.0
27009 82320.0
27509 84000.0
28009 84000.0
28509 84000.0
29009 82320.0
29509 80705.88235294117
30009 85714.28571428572
30509 82320.0
31009 84000.0
31509 80705.88235294117
32009 85714.28571428572
32509 84000.0
33009 82320.0
33509 84000.0
34009 84000.0
34509 82320.0
35009 84000.0
35509 82320.0
36008 84000.0
36509 82320.0
37009 82352.94117647057
37509 82285.71428571428
38009 84000.0
38509 82320.0
39009 82352.94117647057
39509 84000.0
40009 84000.0
40509 82352.94117647057
41008 84000.0
41509 84000.0
42009 84000.0
42509 82320.0
43009 82352.94117647057
43508 84000.0
44009 80705.88235294117
44509 84000.0
45009 85714.28571428572
45509 80705.88235294117
46009 85714.28571428572
46509 84000.0
47009 84000.0
47509 82320.0
48009 82320.0
48509 84000.0
49008 85714.28571428572
49509 80705.88235294117
50009 84000.0
50509 82352.94117647057
51009 84000.0
51509 84000.0
52009 84000.0
52509 82352.94117647057
53009 82285.71428571428
53511 84000.0
54008 84000.0
54509 82352.94117647057
55009 82320.0
55509 82352.94117647057
56009 85714.28571428572
56509 82320.0
57010 82320.0
57509 85680.0
58009 82320.0
58509 84000.0
59009 84000.0
59509 80705.88235294117
60009 85714.28571428572
60509 84000.0
61009 82320.0
61509 84000.0
62008 84000.0
62509 84000.0
63009 84000.0
63509 82320.0
64009 84000.0
64509 82320.0
65009 84000.0
65509 82320.0
66009 84000.0
66509 84000.0
67009 82320.0
67509 82352.94117647057
68009 87428.57142857143
68509 82320.0
69009 84000.0
69509 82320.0
70009 84000.0
70509 84000.0
71009 82352.94117647057
71509 84000.0
72009 84000.0
72509 84000.0
73009 82352.94117647057
73509 85714.28571428572
74009 84000.0
74509 82320.0
75008 84000.0
75509 84000.0
76009 84000.0
76509 82320.0
77009 84000.0
77509 84000.0
78009 82352.94117647057
78509 85714.28571428572
79009 84000.0
79509 82320.0
80009 82320.0
80509 84000.0
81009 84000.0
81509 82320.0
82009 84000.0
82509 84000.0
83009 84000.0
83509 82320.0
84008 85714.28571428572
84509 82352.94117647057
85009 85680.0
85509 80705.88235294117
86009 85714.28571428572
86509 82320.0
87010 84000.0
87509 84000.0
88009 82320.0
88509 84000.0
89009 84000.0
89509 84000.0
90008 84000.0
90509 82320.0
91009 82320.0
91509 85680.0
92009 80705.88235294117
92509 85714.28571428572
93009 84000.0
93509 84000.0
94009 84000.0
94509 82320.0
95009 82352.94117647057
95509 85714.28571428572
96009 82320.0
96509 84000.0
97009 84000.0
97509 80705.88235294117
98009 87428.57142857143
98509 84000.0
99009 80769.23076923078
99508 85714.28571428572
100009 82320.0
100509 82352.94117647057
101009 84000.0
101509 87500.0
102009 82352.94117647057
102509 79153.84615384614
103009 85714.28571428572
103509 84000.0
104009 82320.0
104509 84000.0
105009 82352.94117647057
105509 84000.0
106009 84000.0
106509 82320.0
107009 84000.0
107509 82352.94117647057
108009 85714.28571428572
108508 85714.28571428572
109009 79153.84615384614
109509 84000.0
110009 84000.0
110509 0.0
