0 0.0
509 80640.0
1010 80640.0
1509 85714.28571428572
2009 82320.0
2509 82320.0
3010 82352.94117647057
3509 85714.28571428572
4010 79058.82352941176
4509 84000.0
5009 85714.28571428572
5510 79058.82352941176
6009 84000.0
6509 85714.28571428572
7010 82320.0
7510 78960.0
8009 84000.0
8509 80640.0
9010 82320.0
9510 82352.94117647057
10010 84000.0
10509 84000.0
11009 84000.0
11509 82320.0
12009 84000.0
12510 84000.0
13009 84000.0
13509 78960.0
14009 82352.94117647057
14510 85714.28571428572
15010 77411.76470588235
15510 85714.28571428572
16010 82352.94117647057
16510 82320.0
17010 85714.28571428572
17510 80705.88235294117
18009 85714.28571428572
18510 82320.0
19009 84000.0
19509 77280.0
20009 80640.0
20509 84000.0
21010 82320.0
21509 82320.0
22010 82320.0
22509 84000.0
23009 82320.0
23509 82320.0
24009 82320.0
24510 84000.0
25009 82352.94117647057
25509 85714.28571428572
26010 82352.94117647057
26509 82320.0
27010 84000.0
27510 82320.0
28009 84000.0
28509 84000.0
29010 82352.94117647057
29509 82320.0
30030 84000.0
30509 84000.0
31009 82320.0
31509 80705.88235294117
32009 85714.28571428572
32510 84000.0
33009 82320.0
33510 84000.0
34009 80705.88235294117
34509 85714.28571428572
35009 80705.88235294117
35510 85714.28571428572
36009 82320.0
36509 80705.88235294117
37010 87428.57142857143
37509 80640.0
38009 82320.0
38510 84000.0
39010 80705.88235294117
39509 84000.0
40010 85714.28571428572
40510 82352.94117647057
41010 82320.0
41510 84000.0
42009 84000.0
42509 84000.0
43009 82320.0
43510 84000.0
44009 82320.0
44509 84000.0
45009 84000.0
45510 84000.0
46009 84000.0
46509 82320.0
47009 82352.94117647057
47509 85714.28571428572
48009 82352.94117647057
48509 82320.0
49009 84000.0
49509 82320.0
50010 82320.0
50509 85714.28571428572
51009 82352.94117647057
51509 82320.0
52009 85714.28571428572
52509 84000.0
53009 80705.88235294117
53511 82320.0
54010 85714.28571428572
54509 82352.94117647057
55010 84000.0
55509 82320.0
56009 84000.0
56510 84000.0
57009 82352.94117647057
57509 84000.0
58009 84000.0
58510 82320.0
59009 84000.0
59510 84000.0
60009 84000.0
60509 84000.0
61009 82320.0
61509 84000.0
62009 82320.0
62510 84000.0
63009 84000.0
63509 82320.0
64009 84000.0
64510 82352.94117647057
65009 84000.0
65510 84000.0
66009 84000.0
66509 82352.94117647057
67010 84000.0
67509 82320.0
68009 84000.0
68510 84000.0
69010 84000.0
69509 84000.0
70009 84000.0
70509 84000.0
71009 82352.94117647057
71509 85714.28571428572
72010 82320.0
72509 84000.0
73009 82352.94117647057
73510 84000.0
74009 84000.0
74509 84000.0
75010 82352.94117647057
75509 84000.0
76009 85714.28571428572
76510 82352.94117647057
77009 82320.0
77509 84000.0
78009 84000.0
78510 84000.0
79010 84000.0
79509 82352.94117647057
80009 84000.0
80510 84000.0
81009 82320.0
81510 84000.0
82009 82320.0
82510 84000.0
83009 84000.0
83509 85714.28571428572
84009 80705.88235294117
84509 85680.0
85010 82320.0
85509 84000.0
86009 84000.0
86510 82320.0
87010 84000.0
87509 82320.0
88010 84000.0
88510 87428.57142857143
89010 84000.0
89510 82320.0
90009 80705.88235294117
90509 85680.0
91009 84000.0
91509 82352.94117647057
92010 84000.0
92509 80769.23076923078
93009 79058.82352941176
93509 82352.94117647057
94009 85714.28571428572
94509 82320.0
95009 85680.0
95509 80705.88235294117
96009 84000.0
96510 82320.0
97009 84000.0
97509 85714.28571428572
98009 84000.0
98510 84000.0
99010 82320.0
99509 82352.94117647057
100010 84000.0
100509 82320.0
101009 85714.28571428572
101510 82352.94117647057
102009 82320.0
102510 85680.0
103009 82320.0
103509 85714.28571428572
104009 80705.88235294117
104509 87428.57142857143
105009 82320.0
105509 82352.94117647057
106009 84000.0
106509 85714.28571428572
107010 82320.0
107509 79058.82352941176
108009 85680.0
108509 82320.0
109010 84000.0
109509 85714.28571428572
110009 84000.0
110509 80705.88235294117
111010 85680.0
111509 82320.0
112010 82320.0
112510 84000.0
113009 85714.28571428572
113509 84000.0
114010 80705.88235294117
114509 84000.0
115010 85714.28571428572
115510 80705.88235294117
116009 84000.0
116510 84000.0
117009 84000.0
117510 85714.28571428572
118009 82352.94117647057
118509 73920.0
119010 84000.0
119509 85714.28571428572
120009 82320.0
120509 82352.94117647057
121009 84000.0
121510 84000.0
122010 85714.28571428572
122509 80705.88235294117
123010 85714.28571428572
123510 84000.0
124009 80705.88235294117
124509 84000.0
125009 84000.0
125509 84000.0
126009 82352.94117647057
126510 84000.0
127010 84000.0
127510 82352.94117647057
128009 82320.0
128510 84000.0
129009 85714.28571428572
129510 82320.0
130010 82352.94117647057
130509 84000.0
131010 84000.0
131509 84000.0
132010 84000.0
132509 82352.94117647057
133009 85714.28571428572
133510 82352.94117647057
134009 84000.0
134509 84000.0
135010 84000.0
135509 84000.0
136010 85680.0
136509 80705.88235294117
137009 82320.0
137510 85680.0
138009 82320.0
138510 85714.28571428572
139009 82320.0
139509 80705.88235294117
140009 85680.0
140510 82320.0
141009 85714.28571428572
141510 84000.0
142009 82352.94117647057
142509 82320.0
143010 85680.0
143509 82320.0
144010 85714.28571428572
144509 82352.94117647057
145010 84000.0
145509 84000.0
146009 82320.0
146510 84000.0
147009 85714.28571428572
147509 84000.0
148010 82352.94117647057
148509 84000.0
149010 84000.0
149510 84000.0
150009 84000.0
150509 80705.88235294117
151009 85714.28571428572
151510 84000.0
152010 82352.94117647057
152510 84000.0
153009 82352.94117647057
153509 85714.28571428572
154010 84000.0
154509 84000.0
155009 82320.0
155509 82352.94117647057
156009 84000.0
156509 85714.28571428572
157009 82320.0
157510 82352.94117647057
158010 85714.28571428572
158510 84000.0
159010 84000.0
159509 80705.88235294117
160010 84000.0
160509 84000.0
161009 80640.0
161509 84000.0
162009 80705.88235294117
162509 85714.28571428572
163009 84000.0
163509 80705.88235294117
164009 84000.0
164509 85714.28571428572
165010 82352.94117647057
165509 84000.0
166010 85714.28571428572
166510 84000.0
167009 80705.88235294117
167510 85714.28571428572
168009 84000.0
168509 84000.0
169010 80705.88235294117
169509 84000.0
170009 85714.28571428572
170509 80705.88235294117
171009 84000.0
171509 87428.57142857143
172009 80705.88235294117
172510 85714.28571428572
173010 82352.94117647057
173509 82320.0
174009 84000.0
174510 87428.57142857143
175009 82320.0
175509 84000.0
176010 80705.88235294117
176510 84000.0
177009 82320.0
177510 84000.0
178009 84000.0
178509 82320.0
179010 85680.0
179510 82320.0
180009 84000.0
180510 85714.28571428572
181009 84000.0
181509 82320.0
182010 82352.94117647057
182509 85714.28571428572
183010 84000.0
183510 84000.0
184010 75600.00000000001
184509 82320.0
185009 84000.0
185509 82320.0
186009 82320.0
186509 84000.0
187009 85714.28571428572
187509 82352.94117647057
188009 85714.28571428572
188509 82352.94117647057
189010 82320.0
189509 85714.28571428572
190009 82352.94117647057
190509 82320.0
191009 84000.0
191510 82320.0
192010 85714.28571428572
192510 80705.88235294117
193009 85714.28571428572
193509 80705.88235294117
194009 85714.28571428572
194509 82352.94117647057
195009 82320.0
195510 84000.0
196009 85714.28571428572
196510 80705.88235294117
197010 85680.0
197510 82320.0
198009 85680.0
198509 84000.0
199010 82352.94117647057
199509 82320.0
200009 84000.0
200509 84000.0
201009 84000.0
201509 84000.0
202010 84000.0
202509 82352.94117647057
203010 84000.0
203509 84000.0
204010 84000.0
204509 84000.0
205009 82320.0
205510 87428.57142857143
206009 82320.0
206509 82352.94117647057
207010 84000.0
207509 85714.28571428572
208009 84000.0
208509 80705.88235294117
209009 84000.0
209510 84000.0
210009 84000.0
210509 82320.0
211009 82320.0
211509 84000.0
212010 84000.0
212509 80705.88235294117
213009 72413.79310344828
213509 82352.94117647057
214009 84000.0
214509 82320.0
215010 84000.0
215509 84000.0
216009 85714.28571428572
216509 82352.94117647057
217009 82320.0
217509 85714.28571428572
218009 84000.0
218509 80705.88235294117
219009 84000.0
219509 84000.0
220009 0.0
220509 0.0
