0 0.0
508 80571.42857142857
1008 80640.0
1508 84000.0
2008 84000.0
2508 82320.0
3007 82320.0
3508 82320.0
4008 84000.0
4507 84000.0
5007 82285.71428571428
5508 80705.88235294117
6008 82320.0
6508 84000.0
7007 85714.28571428572
7508 77411.76470588235
8007 82320.0
8508 84000.0
9008 80640.0
9507 85714.28571428572
10007 84000.0
10508 82352.94117647057
11008 82320.0
11508 80640.0
12008 82320.0
12508 82320.0
13007 84000.0
13507 84000.0
14008 82352.94117647057
14507 84000.0
15007 84000.0
15517 82352.94117647057
16008 82320.0
16507 84000.0
17007 80705.88235294117
17507 84000.0
18007 85714.28571428572
18507 82320.0
19008 80705.88235294117
19507 84000.0
20008 84000.0
20508 82320.0
21007 85714.28571428572
21507 82352.94117647057
22008 84000.0
22508 82320.0
23007 84000.0
23528 79153.84615384614
24007 85750.0
24507 82320.0
25007 84000.0
25507 82320.0
26007 84000.0
26508 82320.0
27008 84000.0
27507 84000.0
28008 84000.0
28508 80640.0
29008 84000.0
29507 84000.0
30008 84000.0
30508 82320.0
31007 84000.0
31507 82320.0
32008 84000.0
32508 82320.0
33008 84000.0
33507 85714.28571428572
34007 82352.94117647057
34507 84000.0
35008 80705.88235294117
35508 84000.0
36007 84000.0
36508 82352.94117647057
37008 82320.0
37507 84000.0
38007 80705.88235294117
38508 84000.0
39008 84000.0
39508 84000.0
40007 82320.0
40507 84000.0
41007 84000.0
41508 82320.0
42008 84000.0
42507 84000.0
43007 82352.94117647057
43508 84000.0
44008 82320.0
44508 84000.0
45007 84000.0
45507 84000.0
46007 85714.28571428572
46508 80705.88235294117
47008 82320.0
47508 85680.0
48007 82320.0
48507 84000.0
49008 82320.0
49508 84000.0
50007 82320.0
50507 85714.28571428572
51008 82352.94117647057
51508 84000.0
52007 84000.0
52507 82320.0
53008 80705.88235294117
53510 84000.0
54008 82320.0
54508 84000.0
55008 82320.0
55508 84000.0
56008 84000.0
56508 82320.0
57008 84000.0
57508 84000.0
58007 82320.0
58508 84000.0
59008 84000.0
59508 84000.0
60008 84000.0
60507 85714.28571428572
61007 79058.82352941176
61508 84000.0
62008 84000.0
62508 84000.0
63008 84000.0
63507 84000.0
64008 82352.94117647057
64508 84000.0
65007 84000.0
65508 82320.0
66008 82320.0
66507 85714.28571428572
67007 84000.0
67508 82352.94117647057
68008 84000.0
68508 84000.0
69007 84000.0
69507 82320.0
70007 84000.0
70507 84000.0
71017 84000.0
71508 84000.0
72008 82320.0
72508 85714.28571428572
73007 82352.94117647057
73508 84000.0
74008 84000.0
74508 84000.0
75007 82352.94117647057
75508 82320.0
76008 84000.0
76507 84000.0
77007 84000.0
77507 84000.0
78007 84000.0
78518 82352.94117647057
79008 84000.0
79507 84000.0
80007 84000.0
80507 80705.88235294117
81007 84000.0
81507 85680.0
82007 82320.0
82517 84000.0
83008 84000.0
83508 84000.0
84007 84000.0
84508 82352.94117647057
85007 85714.28571428572
85507 82352.94117647057
86007 82320.0
86508 84000.0
87008 82320.0
87507 85680.0
88008 82320.0
88508 84000.0
89008 82320.0
89508 84000.0
90008 84000.0
90508 85714.28571428572
91007 82320.0
91508 82352.94117647057
92008 84000.0
92508 82320.0
93008 85714.28571428572
93507 82352.94117647057
94007 84000.0
94508 84000.0
95008 84000.0
95507 84000.0
96007 84000.0
96508 80705.88235294117
97007 84000.0
97508 84000.0
98008 84000.0
98507 82320.0
99007 84000.0
99508 84000.0
100007 85714.28571428572
100507 80705.88235294117
101008 84000.0
101507 84000.0
102007 84000.0
102508 84000.0
103008 84000.0
103507 84000.0
104007 82352.94117647057
104507 84000.0
105007 82320.0
105507 84000.0
106007 84000.0
106508 84000.0
107008 82320.0
107507 84000.0
108007 82352.94117647057
108518 84000.0
109008 85750.0
109508 82352.94117647057
110007 82320.0
110507 84000.0
111007 84000.0
111518 82352.94117647057
112007 84000.0
112508 84000.0
113007 84000.0
113508 84000.0
114008 84000.0
114507 84000.0
115008 84000.0
115507 82320.0
116008 82352.94117647057
116508 85714.28571428572
117008 80705.88235294117
117507 84000.0
118007 84000.0
118508 82320.0
119008 85714.28571428572
119507 82352.94117647057
120007 84000.0
120508 80705.88235294117
121007 87428.57142857143
121507 84000.0
122008 80705.88235294117
122508 82320.0
123007 84000.0
123507 84000.0
124008 85680.0
124508 82320.0
125007 84000.0
125507 85680.0
126008 80705.88235294117
126508 84000.0
127008 82320.0
127507 85714.28571428572
128008 80705.88235294117
128507 84000.0
129007 84000.0
129508 84000.0
130008 82320.0
130507 85714.28571428572
131008 82352.94117647057
131507 84000.0
132007 84000.0
132508 84000.0
133007 82320.0
133508 84000.0
134008 84000.0
134507 84000.0
135008 84000.0
135507 84000.0
136017 66230.76923076922
136508 82285.71428571428
137008 84000.0
137507 85714.28571428572
138008 82352.94117647057
138507 85714.28571428572
139007 82320.0
139508 82352.94117647057
140008 82320.0
140507 84000.0
141007 84000.0
141508 84000.0
142007 82320.0
142508 87428.57142857143
143007 82320.0
143507 82352.94117647057
144018 82352.94117647057
144507 85750.0
145007 84000.0
145508 82352.94117647057
146008 82320.0
146507 84000.0
147007 84000.0
147508 84000.0
148007 84000.0
148508 82352.94117647057
149007 85714.28571428572
149507 84000.0
150018 82384.61538461539
150507 85750.0
151008 82352.94117647057
151507 82320.0
152008 85680.0
152508 84000.0
153008 82352.94117647057
153507 84000.0
154007 84000.0
154507 84000.0
155008 82320.0
155508 85714.28571428572
156007 84000.0
156508 82352.94117647057
157008 79153.84615384614
157507 84000.0
158007 84000.0
158508 84000.0
159008 82320.0
159507 82320.0
160007 84000.0
160507 84000.0
161008 84000.0
161507 84000.0
162007 84000.0
162507 80705.88235294117
163008 85680.0
163508 82320.0
164007 84000.0
164508 84000.0
165008 85714.28571428572
165507 80705.88235294117
166007 84000.0
166518 84000.0
167007 84000.0
167507 80705.88235294117
168008 85680.0
168508 82320.0
169008 84000.0
169507 84000.0
170008 82320.0
170507 84000.0
171008 82352.94117647057
171508 85714.28571428572
172007 84000.0
172508 84000.0
173008 84000.0
173507 84000.0
174008 84000.0
174507 82320.0
175007 85714.28571428572
175507 84000.0
176008 82352.94117647057
176508 84000.0
177008 82320.0
177507 84000.0
178008 84000.0
178508 84000.0
179008 85714.28571428572
179507 82320.0
180007 84000.0
180508 82352.94117647057
181007 84000.0
181507 82320.0
182008 84000.0
182508 84000.0
183007 85714.28571428572
183507 82320.0
184008 80705.88235294117
184507 82320.0
185008 85680.0
185507 82320.0
186007 82320.0
186508 84000.0
187008 84000.0
187507 85714.28571428572
188007 82352.94117647057
188518 84000.0
189008 82320.0
189507 84000.0
190007 82320.0
190507 85714.28571428572
191018 82384.61538461539
191507 82285.71428571428
192007 84000.0
192518 82352.94117647057
193008 84000.0
193508 82320.0
194007 84000.0
194507 85714.28571428572
195008 79153.84615384614
195507 87428.57142857143
196007 84000.0
196508 82352.94117647057
197007 84000.0
197507 84000.0
198007 80640.0
198508 85680.0
199007 84000.0
199507 82352.94117647057
200008 84000.0
200508 84000.0
201007 82320.0
201507 85714.28571428572
202008 80769.23076923078
202507 87500.0
203008 80705.88235294117
203507 85680.0
204007 82320.0
204508 82352.94117647057
205007 85750.0
205507 84000.0
206018 82384.61538461539
206507 84000.0
207008 82352.94117647057
207508 85714.28571428572
208007 84000.0
208508 84000.0
209008 82320.0
209507 84000.0
210007 85714.28571428572
210508 80705.88235294117
211008 84000.0
211507 84000.0
212007 84000.0
212517 82352.94117647057
213007 85714.28571428572
213507 84000.0
214007 84000.0
214508 82352.94117647057
215007 85714.28571428572
215507 84000.0
216017 82384.61538461539
216517 82320.0
217008 84000.0
217507 82320.0
218007 87428.57142857143
218508 80705.88235294117
219008 84000.0
219508 84000.0
220007 84000.0
220508 82352.94117647057
221008 85714.28571428572
221508 82320.0
222007 84000.0
222508 80705.88235294117
223007 85714.28571428572
223507 84000.0
224007 84000.0
224517 82352.94117647057
225008 84000.0
225508 82320.0
226007 84000.0
226508 84000.0
227008 82320.0
227507 84000.0
228007 84000.0
228507 84000.0
229007 84000.0
229507 82320.0
230018 84000.0
230507 84000.0
231007 85714.28571428572
231507 84000.0
232007 82320.0
232507 84000.0
233007 82352.94117647057
233508 82352.94117647057
234008 0.0
234507 0.0
235017 0.0
