0 79058.82352941176
510 82320.0
1010 82320.0
1511 79058.82352941176
2010 85714.28571428572
2510 82352.94117647057
3010 84000.0
3510 82320.0
4011 82352.94117647057
4511 84000.0
5011 82320.0
5511 84000.0
6010 82352.94117647057
6510 85714.28571428572
7010 80640.0
7511 80640.0
8010 80705.88235294117
8510 80640.0
9010 80640.0
9511 84000.0
10011 84000.0
10510 82320.0
11011 84000.0
11510 80705.88235294117
12010 82320.0
12510 87428.57142857143
13010 80640.0
13511 80640.0
14011 84000.0
14510 82320.0
15011 85714.28571428572
15510 80705.88235294117
16010 84000.0
16510 84000.0
17010 82352.94117647057
17510 84000.0
18010 82320.0
18511 85714.28571428572
19011 82320.0
19510 82352.94117647057
20010 82320.0
20510 85714.28571428572
21010 82352.94117647057
21511 82320.0
22011 84000.0
22510 82320.0
23010 87428.57142857143
23510 80705.88235294117
24011 84000.0
24511 82320.0
25010 84000.0
25510 82320.0
26010 85714.28571428572
26510 82320.0
27010 82320.0
27510 85680.0
28010 80640.0
28511 84000.0
29010 82320.0
29510 82352.94117647057
30010 82320.0
30510 84000.0
31010 85714.28571428572
31530 77660.37735849056
32011 84000.0
32510 82320.0
33010 84000.0
33510 84000.0
34010 84000.0
34510 84000.0
35010 82320.0
35511 82352.94117647057
36011 85714.28571428572
36510 80705.88235294117
37010 82320.0
37510 82320.0
38010 82320.0
38510 84000.0
39010 85680.0
39510 80705.88235294117
40010 84000.0
40510 84000.0
41010 84000.0
41510 82352.94117647057
42010 84000.0
42510 82320.0
43010 84000.0
43511 84000.0
44011 84000.0
44511 82320.0
45011 84000.0
45510 84000.0
46010 84000.0
46510 82352.94117647057
47010 82320.0
47511 87428.57142857143
48010 79058.82352941176
48511 85714.28571428572
49011 80705.88235294117
49510 84000.0
50010 85714.28571428572
50510 82320.0
51010 84000.0
51510 80705.88235294117
52011 84000.0
52511 84000.0
53012 84000.0
53510 82320.0
54010 84000.0
54511 84000.0
55011 82320.0
55511 82320.0
56011 84000.0
56511 82320.0
57010 84000.0
57510 84000.0
58010 84000.0
58511 82352.94117647057
59011 84000.0
59511 84000.0
60010 84000.0
60510 82352.94117647057
61010 85714.28571428572
61511 82320.0
62011 84000.0
62511 84000.0
63011 82320.0
63511 82352.94117647057
64010 84000.0
64511 84000.0
65011 82320.0
65510 84000.0
66010 84000.0
66510 84000.0
67011 82352.94117647057
67510 84000.0
68010 84000.0
68510 82320.0
69010 84000.0
69510 84000.0
70011 84000.0
70511 84000.0
71010 84000.0
71510 84000.0
72010 82320.0
72511 84000.0
73011 82352.94117647057
73510 85714.28571428572
74010 80705.88235294117
74510 85714.28571428572
75010 84000.0
75510 82352.94117647057
76011 84000.0
76511 84000.0
77011 82352.94117647057
77510 84000.0
78010 85680.0
78510 80705.88235294117
79010 84000.0
79510 84000.0
80011 84000.0
80510 82320.0
81011 82320.0
81510 84000.0
82010 84000.0
82510 85680.0
83011 82320.0
83510 85714.28571428572
84011 84000.0
84510 82352.94117647057
85010 82320.0
85510 84000.0
86010 85714.28571428572
86510 82320.0
87011 84000.0
87510 82352.94117647057
88010 82320.0
88510 85680.0
89011 84000.0
89511 82352.94117647057
90010 82320.0
90511 84000.0
91011 84000.0
91510 85714.28571428572
92011 84000.0
92511 82352.94117647057
93010 82320.0
93510 84000.0
94010 84000.0
94510 82320.0
95010 85714.28571428572
95510 82320.0
96011 84000.0
96511 82320.0
97010 84000.0
97510 84000.0
98010 82352.94117647057
98511 85714.28571428572
99010 84000.0
99510 82320.0
100010 82352.94117647057
100510 84000.0
101011 85680.0
101510 82352.94117647057
102010 84000.0
102510 84000.0
103011 82352.94117647057
103510 82320.0
104010 84000.0
104510 85714.28571428572
105010 80705.88235294117
105511 84000.0
106011 84000.0
106511 84000.0
107011 82320.0
107511 85714.28571428572
108010 82352.94117647057
108510 85714.28571428572
109010 80705.88235294117
109510 85714.28571428572
110011 82352.94117647057
110511 82320.0
111010 84000.0
111510 85714.28571428572
112010 84000.0
112510 80705.88235294117
113011 84000.0
113511 82320.0
114011 87428.57142857143
114510 84000.0
115010 80705.88235294117
115510 84000.0
116010 82320.0
116511 84000.0
117010 85714.28571428572
117510 84000.0
118010 82320.0
118510 82352.94117647057
119010 82320.0
119510 84000.0
120010 84000.0
120511 84000.0
121011 84000.0
121511 82320.0
122010 84000.0
122510 84000.0
123011 85714.28571428572
123510 80705.88235294117
124010 84000.0
124511 82320.0
125011 85714.28571428572
125510 84000.0
126010 82320.0
126511 85680.0
127011 80705.88235294117
127510 82320.0
128010 85714.28571428572
128510 80705.88235294117
129011 85714.28571428572
129511 84000.0
130011 84000.0
130510 80705.88235294117
131010 87428.57142857143
131511 84000.0
132011 82320.0
132510 80705.88235294117
133010 87428.57142857143
133510 80705.88235294117
134010 87428.57142857143
134510 79058.82352941176
135011 84000.0
135510 87428.57142857143
136010 65882.35294117646
136510 82320.0
137010 84000.0
137511 84000.0
138011 82320.0
138511 85714.28571428572
139011 82320.0
139510 82352.94117647057
140011 84000.0
140511 84000.0
141010 84000.0
141510 82320.0
142011 85680.0
142510 82285.71428571428
143011 84000.0
143510 84000.0
144010 84000.0
144510 82320.0
145010 84000.0
145510 84000.0
146010 84000.0
146510 84000.0
147010 84000.0
147510 84000.0
148010 82320.0
148511 85680.0
149011 80705.88235294117
149510 85714.28571428572
150010 82352.94117647057
150510 84000.0
151010 84000.0
151511 84000.0
152010 84000.0
152510 84000.0
153010 82320.0
153510 84000.0
154011 84000.0
154510 82320.0
155010 85714.28571428572
155510 84000.0
156010 80705.88235294117
156511 87428.57142857143
157011 82320.0
157510 84000.0
158010 80705.88235294117
158511 84000.0
159010 85680.0
159510 82285.71428571428
160010 84000.0
160510 84000.0
161011 82320.0
161510 84000.0
162010 84000.0
162510 79153.84615384614
163010 78857.14285714286
163510 82320.0
164011 82352.94117647057
164511 85714.28571428572
165011 82320.0
165510 82320.0
166010 82320.0
166511 85680.0
167011 80640.0
167510 84000.0
168010 82320.0
168511 84000.0
169011 84000.0
169510 84000.0
170010 82320.0
170510 84000.0
171011 84000.0
171510 84000.0
172010 84000.0
172511 82320.0
173010 85680.0
173510 0.0
174011 0.0
