0 0.0
504 80571.42857142857
1014 80705.88235294117
1514 84000.0
2014 80640.0
2514 84000.0
3014 82320.0
3514 84000.0
4014 82320.0
4514 84000.0
5014 80640.0
5514 82320.0
6015 84000.0
6514 84000.0
7014 82320.0
7514 78960.0
8014 85680.0
8514 82320.0
9014 78960.0
9514 84000.0
10014 84000.0
10514 84000.0
11014 82320.0
11513 80640.0
12014 84000.0
12514 84000.0
13013 84000.0
13514 79058.82352941176
14014 84000.0
14514 84000.0
15014 82320.0
15514 84000.0
16014 82320.0
16514 84000.0
17014 84000.0
17513 84000.0
18014 82352.94117647057
18515 82320.0
19014 84000.0
19514 82320.0
20014 84000.0
20514 84000.0
21014 82320.0
21514 84000.0
22014 84000.0
22514 82320.0
23014 82320.0
23514 84000.0
24014 84000.0
24514 82320.0
25034 80769.23076923078
25514 84000.0
26014 84000.0
26514 82320.0
27014 82320.0
27514 84000.0
28014 82320.0
28514 84000.0
29014 84000.0
29514 82320.0
30014 84000.0
30513 85714.28571428572
31014 82352.94117647057
31514 82320.0
32014 84000.0
32514 82320.0
33014 84000.0
33514 82320.0
34014 84000.0
34514 84000.0
35014 82320.0
35514 82320.0
36014 84000.0
36514 82320.0
37014 85680.0
37514 80640.0
38014 82320.0
38513 82320.0
39014 84000.0
39514 84000.0
40014 82320.0
40514 84000.0
41014 84000.0
41514 82352.94117647057
42014 79245.28301886792
42516 66098.3606557377
43014 79245.28301886792
43514 82320.0
44014 85714.28571428572
44514 82320.0
45014 80705.88235294117
45514 85714.28571428572
46014 84000.0
46514 80705.88235294117
47014 85714.28571428572
47514 82352.94117647057
48014 82320.0
48514 84000.0
49014 84000.0
49514 82320.0
50014 82320.0
50513 84000.0
51014 85714.28571428572
51514 82352.94117647057
52014 84000.0
52514 82320.0
53014 82320.0
53516 84000.0
54014 82320.0
54514 85714.28571428572
55014 80705.88235294117
55514 82320.0
56014 84000.0
56514 85714.28571428572
57014 82352.94117647057
57514 84000.0
58014 82320.0
58514 84000.0
59014 82320.0
59514 84000.0
60014 84000.0
60513 84000.0
61014 84000.0
61514 0.0
62014 0.0
62514 0.0
63014 0.0
63514 0.0
64014 0.0
