0 266.66666666666663
500 1096.296296296296
1011 0.0
1510 0.0
2011 0.0
2510 139.99999999999997
3000 0.0
3510 0.0
4010 278.60696517412936
4500 1407.179487179487
5010 1379.310344827586
5510 1435.1758793969848
6010 1400.0
6510 1350.753768844221
7010 1407.0351758793968
7510 1407.0351758793968
8010 1378.894472361809
8510 1407.0351758793968
9010 1393.0348258706467
9510 1400.0
10010 1372.0
10510 1414.141414141414
11010 1400.0
11510 1393.0348258706467
12010 1343.9999999999998
12510 1407.0351758793968
13010 1400.0
13510 1378.894472361809
14010 504.0
14510 0.0
15010 0.0
15510 365.8291457286432
16000 1400.0
16510 1386.1386138613861
17010 1428.0
17500 86.59793814432989
18010 0.0
18510 0.0
19010 0.0
19510 27.999999999999996
20010 140.7035175879397
20500 0.0
21010 0.0
21510 0.0
22010 559.9999999999999
22500 1407.179487179487
23010 1434.4827586206895
23510 1372.0
24010 1400.0
24510 1400.0
25010 1407.0351758793968
25510 1400.0
26009 1414.141414141414
26510 1365.1741293532339
27010 1407.0351758793968
27510 1372.0
28010 1407.0351758793968
28510 1407.0351758793968
29010 1372.0
29510 1407.0351758793968
30010 1372.0
30510 1407.0351758793968
31010 1372.0
31510 1428.0
32010 1372.0
32510 1400.0
33010 1372.0
33510 1407.0351758793968
34010 1378.894472361809
34509 1400.0
35010 1378.894472361809
35510 1428.0
36010 1372.0
36510 1400.0
37010 1407.0351758793968
37510 1400.0
38010 1378.894472361809
38510 1428.0
39000 1378.4615384615383
39509 1406.8965517241381
40010 1400.0
40510 1407.0351758793968
41010 1407.0351758793968
41510 1400.0
42010 1400.0
42510 1407.0351758793968
43010 1372.0
43510 1407.0351758793968
44010 1400.0
44510 1407.0351758793968
45010 1407.0351758793968
45510 1400.0
46010 1407.0351758793968
46510 1378.894472361809
47010 1400.0
47510 1378.894472361809
48010 1407.0351758793968
48510 1372.0
49010 1435.1758793969848
49510 1407.0351758793968
50000 1364.467005076142
50510 1427.4509803921567
51010 1400.0
51510 1372.0
52010 1435.1758793969848
52510 1378.894472361809
53010 1400.0
53500 1407.179487179487
54010 1406.8965517241381
54499 1400.0
55010 1406.8965517241381
55510 1400.0
56009 1400.0
56510 1378.894472361809
57010 1428.0
57510 1407.0351758793968
58009 1378.894472361809
58500 1407.179487179487
59010 1400.0
59510 1407.0351758793968
60010 1372.0
60510 1428.0
61010 1400.0
61510 1407.0351758793968
62010 1407.0351758793968
62510 1365.1741293532339
63010 1442.4242424242425
63509 1372.0
64010 1407.0351758793968
64510 1393.0348258706467
65010 1442.4242424242425
65510 1400.0
66010 1407.0351758793968
66510 1400.0
67010 1372.0
67510 1414.141414141414
68010 1393.0348258706467
68510 1407.0351758793968
69010 1400.0
69510 1400.0
70011 1407.0351758793968
70510 1407.0351758793968
71010 1407.0351758793968
71510 1400.0
72009 1372.0
72510 1435.1758793969848
73010 1393.0348258706467
73510 1385.858585858586
74010 1400.0
74510 1407.0351758793968
75010 1400.0
75510 1407.0351758793968
76010 1393.0348258706467
76510 1407.0351758793968
77009 1407.0351758793968
77510 1407.0351758793968
78010 1400.0
78510 1393.0348258706467
79010 1378.894472361809
79510 1428.0
80010 1400.0
80510 1400.0
81010 1400.0
81509 1385.858585858586
82010 1393.0348258706467
82510 1435.1758793969848
83010 1407.0351758793968
83510 1372.0
84010 1393.0348258706467
84510 1442.4242424242425
85010 1393.0348258706467
85510 1385.858585858586
86010 1393.0348258706467
86510 1400.0
87010 1407.0351758793968
87510 1400.0
88009 1407.0351758793968
88510 1407.0351758793968
89010 1400.0
89510 1385.858585858586
90010 1428.0
90510 1372.0
91010 1435.1758793969848
91510 1378.894472361809
92000 1400.0
92510 1400.0
93000 1428.5714285714287
93510 1406.8965517241381
94010 1372.0
94500 1407.179487179487
95010 1434.4827586206895
95510 1400.0
96010 1372.0
96500 1400.0
97010 1400.0
97500 1435.8974358974356
98010 1372.5490196078429
98510 1407.0351758793968
99009 1407.0351758793968
99500 1378.4615384615383
100010 1427.4509803921567
100500 1364.467005076142
101010 1434.4827586206895
101500 1407.179487179487
102010 1372.5490196078429
102499 1407.179487179487
103000 1407.0351758793968
103510 1427.4509803921567
104000 1371.4285714285713
104510 1400.0
105000 1400.0
105510 1427.4509803921567
106010 1400.0
106510 1378.894472361809
107000 1407.179487179487
107510 1400.0
108000 1400.0
108510 1372.5490196078429
109000 1407.179487179487
109510 1434.4827586206895
110000 1407.179487179487
110510 1365.8536585365853
111010 1414.141414141414
111510 1393.0348258706467
112010 1435.1758793969848
112510 1365.1741293532339
113000 1407.179487179487
113510 1413.8613861386139
114009 1400.0
114510 1407.0351758793968
115009 1400.0
115500 1400.0
116010 1400.0
116499 1407.179487179487
117010 1406.8965517241381
117500 1400.0
118010 1400.0
118500 1407.179487179487
119010 1400.0
119500 1407.179487179487
120010 1400.0
120500 1400.0
121010 1406.8965517241381
121499 1371.4285714285713
122010 1434.4827586206895
122500 1371.4285714285713
123009 1400.0
123500 1407.179487179487
124010 1406.8965517241381
124500 1407.179487179487
125010 1434.4827586206895
125500 1400.0
126009 1386.1386138613861
126500 1392.8934010152284
127010 1406.8965517241381
127500 1400.0
128010 1400.0
128500 1407.179487179487
129010 1406.8965517241381
129510 1393.0348258706467
130010 1407.0351758793968
130510 1407.0351758793968
131010 1372.0
131510 1428.0
132009 1400.0
132510 1414.141414141414
133010 1400.0
133510 1372.0
134010 1407.0351758793968
134510 1400.0
135010 1400.0
135510 1435.1758793969848
136010 1372.0
136510 1428.0
137010 1378.894472361809
137510 1400.0
138010 1442.4242424242425
138510 1400.0
139010 1400.0
139510 1372.0
140009 1435.1758793969848
140510 1372.0
141000 1407.179487179487
141510 1406.8965517241381
142000 1400.0
142510 1400.0
143000 1400.0
143510 1441.5841584158416
144010 1372.0
144510 1400.0
145010 1435.1758793969848
145510 1378.894472361809
146010 1400.0
146510 1407.0351758793968
147010 1435.1758793969848
147510 1372.0
148010 1400.0
148510 1400.0
149010 1407.0351758793968
149510 1407.0351758793968
150010 1414.141414141414
150510 1400.0
151010 1400.0
151509 1414.141414141414
152010 1393.0348258706467
152510 1407.0351758793968
153010 1407.0351758793968
153510 1400.0
154010 1400.0
154510 1400.0
155010 1400.0
155510 1407.0351758793968
156000 1407.179487179487
156510 1406.8965517241381
157000 1392.8934010152284
157509 1413.8613861386139
158000 1371.4285714285713
158510 1427.4509803921567
159010 1414.141414141414
159510 1393.0348258706467
160010 1407.0351758793968
160510 1400.0
161010 1407.0351758793968
161510 1407.0351758793968
162010 1400.0
162510 1400.0
163010 1407.0351758793968
163510 1407.0351758793968
164010 1400.0
164510 1400.0
165009 1414.141414141414
165510 1393.0348258706467
166010 1414.141414141414
166510 1372.0
167010 1428.0
167510 1378.894472361809
168010 1428.0
168510 1407.0351758793968
169010 1400.0
169510 1372.0
170010 1407.0351758793968
170509 1435.1758793969848
171010 1400.0
171510 1407.0351758793968
172010 1400.0
172510 1378.894472361809
173010 1428.0
173509 1407.0351758793968
174010 1407.0351758793968
174510 1407.0351758793968
175010 1365.1741293532339
175500 1443.2989690721647
175999 1407.0351758793968
176500 1393.0348258706467
177000 1400.0
177500 1378.894472361809
178010 1434.4827586206895
178509 1378.894472361809
179010 1420.8955223880598
179510 1378.894472361809
180010 1428.0
180510 1378.894472361809
181010 1400.0
181509 1435.1758793969848
182010 1400.0
182509 1378.894472361809
183010 1428.0
183509 1414.141414141414
184010 1393.0348258706467
184510 1400.0
185010 1407.0351758793968
185510 1378.894472361809
186009 1414.141414141414
186510 1420.8955223880598
187010 1365.1741293532339
187510 1435.1758793969848
188010 1407.0351758793968
188510 1378.894472361809
189010 1428.0
189509 1400.0
190010 1372.0
190510 1435.1758793969848
191009 1378.894472361809
191510 1428.0
192010 1372.0
192510 1442.4242424242425
193010 1372.0
193510 1407.0351758793968
194009 1435.1758793969848
194510 1400.0
195010 1372.0
195509 1435.1758793969848
196010 1400.0
196510 1385.858585858586
197010 1428.0
197510 1372.0
198010 1435.1758793969848
198510 1372.0
199010 1407.0351758793968
199510 1400.0
200010 1407.0351758793968
200510 1407.0351758793968
201009 1393.0348258706467
201510 1435.1758793969848
202010 1378.894472361809
202510 1400.0
203010 1407.0351758793968
203510 1400.0
204010 1400.0
204510 1407.0351758793968
205010 1407.0351758793968
205510 1400.0
206010 1435.1758793969848
206509 1378.894472361809
207010 1400.0
207509 1435.1758793969848
208010 1365.1741293532339
208510 1435.1758793969848
209010 1372.0
209510 1442.4242424242425
210010 1372.0
210510 1393.0348258706467
211010 1414.141414141414
211510 1407.0351758793968
212010 1400.0
212510 1435.1758793969848
213010 1365.1741293532339
213510 1407.0351758793968
214010 1407.0351758793968
214509 1400.0
215010 1400.0
215510 1407.0351758793968
216010 1435.1758793969848
216510 1385.858585858586
217009 1400.0
217510 1393.0348258706467
218010 1414.141414141414
218510 1400.0
219010 1414.141414141414
219510 1400.0
220010 1407.0351758793968
220510 1400.0
221010 1407.0351758793968
221510 1400.0
222010 1400.0
222500 1400.0
223009 1406.8965517241381
223500 1378.4615384615383
224009 1434.4827586206895
224510 1400.0
225010 1400.0
225510 1400.0
226010 1400.0
226510 1407.0351758793968
227010 1407.0351758793968
227500 1407.179487179487
228010 1393.170731707317
228500 1407.179487179487
229009 1379.310344827586
229500 1435.8974358974356
230010 1400.0
230510 1400.0
231010 1372.0
231509 1435.1758793969848
232010 1407.0351758793968
232500 1400.0
233010 1400.0
233510 1407.0351758793968
234009 1400.0
234510 1400.0
235010 1414.141414141414
235510 1393.0348258706467
236010 1385.858585858586
236510 1428.0
237009 1407.0351758793968
237509 1393.0348258706467
238010 1372.0
238510 1393.0348258706467
239010 1435.1758793969848
239510 1407.0351758793968
240010 1400.0
240510 1414.141414141414
241010 1372.0
241510 1428.0
242010 1385.858585858586
242510 1428.0
243010 1378.894472361809
243510 1428.0
244009 1407.0351758793968
244510 1400.0
245010 1378.894472361809
245510 1428.0
246010 1378.894472361809
246510 1393.0348258706467
247010 1442.4242424242425
247510 1400.0
248010 1414.141414141414
248510 1365.1741293532339
249010 1435.1758793969848
249510 1414.141414141414
250010 1393.0348258706467
250510 1385.858585858586
251010 1428.0
251510 1414.141414141414
252009 1365.1741293532339
252510 1442.4242424242425
253010 1372.0
253510 1435.1758793969848
254010 1372.0
254509 1407.0351758793968
255010 1407.0351758793968
255510 1428.0
256009 1385.858585858586
256510 1393.0348258706467
257010 1435.1758793969848
257510 1400.0
258010 1407.0351758793968
258510 1372.0
259010 1428.0
259510 1407.0351758793968
260010 1378.894472361809
260510 1400.0
261009 1428.0
261510 1372.0
262010 1435.1758793969848
262510 1378.894472361809
263010 1400.0
263509 1428.0
264010 1372.0
264510 1442.4242424242425
265009 1372.0
265510 1428.0
266010 1407.0351758793968
266510 1378.894472361809
267010 1393.0348258706467
267510 1428.0
268010 1385.858585858586
268510 1420.8955223880598
269010 1392.8934010152284
269510 1407.0351758793968
270010 1400.0
270510 1414.141414141414
271000 1421.3197969543146
271510 1379.310344827586
272009 1400.0
272510 1435.1758793969848
273010 1372.0
273509 1407.0351758793968
274010 1400.0
274510 1407.0351758793968
275010 1428.0
275510 1378.894472361809
276010 1435.1758793969848
276510 1400.0
277010 1378.894472361809
277500 1392.8934010152284
278010 1413.8613861386139
278510 1400.0
279010 1400.0
279510 1407.0351758793968
280010 1428.0
280509 1378.894472361809
281010 1400.0
281510 1400.0
282010 1400.0
282510 1400.0
283010 1407.0351758793968
283510 1400.0
284010 1407.0351758793968
284500 1400.0
285009 1406.8965517241381
285510 1407.0351758793968
286010 1407.0351758793968
286510 1400.0
287010 1393.0348258706467
287500 1407.179487179487
288010 1400.0
288510 1435.1758793969848
289010 1378.894472361809
289510 1407.0351758793968
290010 1393.0348258706467
290510 1407.0351758793968
291010 1400.0
291510 1400.0
292010 1407.0351758793968
292510 1407.0351758793968
293010 1407.0351758793968
293510 1400.0
294010 1407.0351758793968
294510 1378.894472361809
295010 1428.0
295510 1400.0
296009 1414.141414141414
296510 1407.0351758793968
297010 1393.0348258706467
297510 1414.141414141414
298010 1400.0
298510 1407.0351758793968
299010 1400.0
299510 1407.0351758793968
300010 1407.0351758793968
300510 1400.0
301010 1400.0
301510 1414.141414141414
302010 1400.0
302510 1407.0351758793968
303010 1400.0
303510 1400.0
304010 1407.0351758793968
304510 1400.0
305010 1407.0351758793968
305510 1400.0
306010 1400.0
306510 1407.0351758793968
307010 1372.0
307510 1400.0
308010 1435.1758793969848
308510 1372.0
309011 1400.0
309500 1443.2989690721647
310009 1400.0
310510 1400.0
311010 1428.0
311510 1385.858585858586
312010 1400.0
312510 1400.0
313000 1400.0
313510 1379.310344827586
314010 1435.1758793969848
314510 1393.0348258706467
315009 1385.858585858586
315510 1420.8955223880598
316010 1378.894472361809
316500 1428.5714285714287
317010 1406.8965517241381
317510 1372.0
318010 1435.1758793969848
318510 1393.0348258706467
319010 1407.0351758793968
319510 1385.858585858586
320010 1428.0
320510 1378.894472361809
321010 1428.0
321510 1372.0
322010 1400.0
322510 1435.1758793969848
323010 1400.0
323510 1400.0
324000 1407.179487179487
324509 1379.310344827586
324999 1414.4329896907216
325510 1393.170731707317
326000 1435.8974358974356
326509 1400.0
327000 1407.179487179487
327510 1372.5490196078429
328010 1435.1758793969848
328509 1407.0351758793968
329009 1372.0
329510 1407.0351758793968
330010 1428.0
330509 1378.894472361809
331010 1428.0
331510 1400.0
332010 1372.0
332509 1407.0351758793968
333000 1443.2989690721647
333510 1372.5490196078429
334000 1428.5714285714287
334510 1379.310344827586
335010 1407.0351758793968
335510 1407.0351758793968
336010 1400.0
336510 1414.141414141414
337010 1428.0
337510 1393.0348258706467
338010 1378.894472361809
338510 1407.0351758793968
339010 1400.0
339510 1400.0
340010 1414.141414141414
340510 1386.1386138613861
341010 1414.141414141414
341510 1400.0
342009 1400.0
342510 1414.141414141414
343010 1420.8955223880598
343510 1407.0351758793968
344009 1378.894472361809
344510 1400.0
345010 1420.8955223880598
345510 1385.858585858586
346009 1407.0351758793968
346510 1428.0
347010 1372.0
347510 1407.0351758793968
348010 1407.0351758793968
348509 1400.0
349010 1407.0351758793968
349499 1400.0
350010 1406.8965517241381
350510 1407.0351758793968
351010 1400.0
351509 1407.0351758793968
352010 1400.0
352509 1407.0351758793968
353009 1407.0351758793968
353510 1400.0
354010 1407.0351758793968
354510 1414.141414141414
355009 1400.0
355510 1400.0
356010 1400.0
356509 1407.0351758793968
357010 1407.0351758793968
357510 1400.0
358010 1407.0351758793968
358510 1407.0351758793968
359010 1400.0
359500 1407.179487179487
360000 1400.0
360510 1406.8965517241381
361010 1400.0
361509 1407.0351758793968
362010 1393.0348258706467
362509 1414.141414141414
362999 1400.0
363509 1400.0
364000 1407.179487179487
364510 1393.170731707317
365010 1407.0351758793968
365510 1414.141414141414
366010 1393.0348258706467
366510 1407.0351758793968
367010 1400.0
367509 1407.0351758793968
368010 1400.0
368510 1400.0
369010 1414.141414141414
369510 1372.0
370010 1428.0
370510 1400.0
371010 1378.894472361809
371510 1435.1758793969848
372009 1400.0
372509 1378.894472361809
373010 1428.0
373510 1372.0
374010 1435.1758793969848
374510 1407.0351758793968
375010 1372.0
375510 1435.1758793969848
376010 1393.0348258706467
376510 1407.0351758793968
377010 1407.0351758793968
377510 1407.0351758793968
378010 1407.0351758793968
378509 1407.0351758793968
379010 1428.0
379510 1357.5757575757575
380010 1420.8955223880598
380510 1372.0
381010 1435.1758793969848
381510 1372.0
382010 1435.1758793969848
382509 1407.0351758793968
383010 1407.0351758793968
383510 1393.0348258706467
384010 1414.141414141414
384510 1393.0348258706467
385009 1407.0351758793968
385510 1393.0348258706467
386010 1414.141414141414
386510 1400.0
387010 1400.0
387510 1372.0
388010 1435.1758793969848
388510 1407.0351758793968
389010 1407.0351758793968
389510 1372.0
390010 1435.1758793969848
390510 1400.0
391010 1414.141414141414
391510 1365.1741293532339
392010 1442.4242424242425
392510 1393.0348258706467
393009 1392.8934010152284
393509 1428.0
394010 1385.858585858586
394510 1420.8955223880598
395010 1400.0
395510 1378.894472361809
396000 1407.179487179487
396500 1428.0
397010 1400.0
397510 1378.894472361809
398010 1407.0351758793968
398510 1407.0351758793968
399010 1400.0
399510 1428.0
400010 1400.0
400510 1385.858585858586
401010 1420.8955223880598
401510 1378.894472361809
402010 1407.0351758793968
402510 1400.0
403009 1407.0351758793968
403510 1435.1758793969848
404010 1400.0
404510 1372.0
405010 1442.4242424242425
405510 1372.0
405999 1407.179487179487
406500 1407.0351758793968
407010 1427.4509803921567
407510 1365.1741293532339
408010 1407.0351758793968
408510 1407.0351758793968
409010 1428.0
409510 1407.0351758793968
410010 1372.0
410509 1407.0351758793968
411010 1428.0
411510 1378.894472361809
412009 1407.0351758793968
412510 1428.0
413010 1407.0351758793968
413510 1372.0
414010 1407.0351758793968
414510 1407.0351758793968
415010 1400.0
415510 1407.0351758793968
416010 1407.0351758793968
416510 1400.0
417009 1407.0351758793968
417510 1407.0351758793968
418010 1428.0
418510 1378.894472361809
419009 1407.0351758793968
419510 1393.0348258706467
420010 1407.0351758793968
420500 1400.0
421010 1406.8965517241381
421510 1428.0
422009 1378.894472361809
422510 1400.0
423010 1400.0
423510 1428.0
424010 1372.0
424510 1407.0351758793968
425010 1414.141414141414
425509 1407.0351758793968
426009 1400.0
426510 1400.0
427010 1400.0
427510 1407.0351758793968
428010 1400.0
428510 1407.0351758793968
429010 1407.0351758793968
429510 1400.0
430010 1414.141414141414
430509 1400.0
431000 1428.5714285714287
431510 1372.5490196078429
432010 1442.4242424242425
432500 1371.4285714285713
433009 1406.8965517241381
433500 1428.5714285714287
434010 1379.310344827586
434510 1407.0351758793968
435010 1407.0351758793968
435510 1400.0
436010 1400.0
436510 1407.0351758793968
437010 1400.0
437510 1407.0351758793968
438010 1400.0
438510 1407.0351758793968
439010 1407.0351758793968
439510 1400.0
440010 1407.0351758793968
440510 1407.0351758793968
441010 1400.0
441509 1407.0351758793968
442010 1400.0
442510 1400.0
443010 1407.0351758793968
443509 1400.0
444010 1400.0
444510 1407.0351758793968
445010 1400.0
445510 1407.0351758793968
445999 1400.0
446510 1413.8613861386139
446999 1392.8934010152284
447510 1406.8965517241381
448010 1400.0
448510 1378.894472361809
449010 1414.141414141414
449510 1400.0
450010 1407.0351758793968
450510 1372.0
451000 1428.5714285714287
451510 1379.310344827586
452009 1407.0351758793968
452510 1400.0
453010 1372.0
453510 1407.0351758793968
454010 1372.0
454510 1428.0
455009 1400.0
455510 1378.894472361809
456010 1386.1386138613861
456510 1378.894472361809
457010 1400.0
457510 1407.0351758793968
458010 1400.0
458510 1372.0
459010 1435.1758793969848
459510 1372.0
460009 1407.0351758793968
460510 1400.0
461009 1407.0351758793968
461510 1378.894472361809
462010 1400.0
462510 1407.0351758793968
463010 1400.0
463510 1428.0
464009 1385.858585858586
464510 1420.8955223880598
465010 1385.858585858586
465510 1428.0
466010 1400.0
466510 1372.0
467010 1414.141414141414
467510 1435.1758793969848
468010 1400.0
468509 1407.0351758793968
469010 1365.1741293532339
469510 1407.0351758793968
470010 1407.0351758793968
470510 1400.0
471009 1428.0
471500 1378.4615384615383
472010 1434.4827586206895
472509 1400.0
473010 1378.894472361809
473510 1400.0
474010 1393.0348258706467
474510 1407.0351758793968
475010 1428.0
475500 1400.0
476009 1413.8613861386139
476510 1372.0
477000 1428.5714285714287
477509 1379.310344827586
478010 1407.0351758793968
478510 1428.0
479000 1371.4285714285713
479510 1434.4827586206895
480010 1378.894472361809
480509 1435.1758793969848
481010 1372.0
481510 1413.8613861386139
481999 1400.0
482510 1400.0
483009 1400.0
483500 1407.179487179487
484009 1400.0
484510 1407.0351758793968
485010 1407.0351758793968
485500 1400.0
486010 1372.5490196078429
486510 1435.1758793969848
487000 1407.179487179487
487510 1372.5490196078429
487999 1435.8974358974356
488510 1400.0
489009 1407.0351758793968
489500 1407.179487179487
490010 1400.0
490510 1407.0351758793968
491010 1400.0
491510 1407.0351758793968
492010 1407.0351758793968
492510 1393.0348258706467
493000 1407.179487179487
493500 1400.0
494009 1406.8965517241381
494510 1400.0
495009 1385.858585858586
495500 1400.0
496000 1400.0
496500 1400.0
497009 1406.8965517241381
497510 1407.0351758793968
498000 1407.179487179487
498510 1434.4827586206895
499010 1400.0
499510 1407.0351758793968
500010 1407.0351758793968
500510 1365.1741293532339
501009 1442.4242424242425
501510 1400.0
502010 1378.894472361809
502510 1400.0
502999 1428.5714285714287
503509 1406.8965517241381
503999 1414.4329896907216
504500 1365.1741293532339
505010 1427.4509803921567
505500 1407.179487179487
506000 1372.0
506500 1400.0
507010 1427.4509803921567
507500 1414.4329896907216
508000 1372.0
508510 1434.4827586206895
509000 1400.0
509510 1413.8613861386139
510000 1392.8934010152284
510510 1379.310344827586
511000 1435.8974358974356
511500 1372.0
512010 1406.8965517241381
512510 1400.0
513010 1428.0
513500 1378.4615384615383
514000 1400.0
514500 1400.0
515010 1406.8965517241381
515510 1420.8955223880598
516010 1385.858585858586
516510 1393.0348258706467
517010 1414.141414141414
517510 1372.0
518010 1400.0
518509 1407.0351758793968
519010 1407.0351758793968
519510 1407.0351758793968
520010 1372.0
520509 1428.0
520999 1407.179487179487
521509 1400.0
522010 1378.894472361809
522510 1442.4242424242425
523010 1400.0
523510 1372.0
524010 1400.0
524510 1407.0351758793968
525010 1400.0
525500 1407.179487179487
526010 1400.0
526500 1407.179487179487
527010 1400.0
527500 1435.8974358974356
528000 1372.0
528500 1400.0
528999 1435.1758793969848
529500 1372.0
530010 1406.8965517241381
530510 1400.0
531010 1400.0
531510 1407.0351758793968
532009 1400.0
532510 1400.0
533009 1414.141414141414
533510 1400.0
534010 1400.0
534510 1400.0
535010 1407.0351758793968
535500 1400.0
536010 1406.8965517241381
536500 1428.5714285714287
537010 1379.310344827586
537509 1400.0
538010 1400.0
538510 1414.141414141414
539010 1400.0
539510 1407.0351758793968
540010 1400.0
540510 1407.0351758793968
541010 1400.0
541510 1407.0351758793968
542010 1407.0351758793968
542509 1400.0
543010 1400.0
543510 1400.0
544010 1407.0351758793968
544509 1407.0351758793968
545010 1407.0351758793968
545510 1407.0351758793968
546010 1400.0
546510 1400.0
547009 1407.0351758793968
547510 1400.0
548000 1407.179487179487
548510 1400.0
549010 1414.141414141414
549500 1378.894472361809
550010 1393.0348258706467
550510 1400.0
551010 1400.0
551509 1407.0351758793968
552010 1400.0
552510 1407.0351758793968
553010 1407.0351758793968
553499 1400.0
554010 1406.8965517241381
554509 1400.0
555010 1400.0
555510 1400.0
556000 1400.0
556500 1407.0351758793968
557000 1400.0
557500 1400.0
558010 1406.8965517241381
558510 1400.0
559000 1371.4285714285713
559510 1441.5841584158416
560009 1414.141414141414
560500 1371.4285714285713
560999 1428.0
561510 1406.8965517241381
562009 1378.894472361809
562510 1393.0348258706467
563010 1400.0
563510 1414.141414141414
564010 1407.0351758793968
564510 1400.0
565010 1400.0
565510 1400.0
566010 1407.0351758793968
566510 1407.0351758793968
567010 1400.0
567509 1372.0
568010 1407.0351758793968
568510 1400.0
569009 1407.0351758793968
569510 1400.0
570010 1407.0351758793968
570510 1435.1758793969848
571009 1400.0
571510 1400.0
572009 1407.0351758793968
572510 1372.0
573010 1400.0
573510 1435.1758793969848
574010 1372.0
574510 1435.1758793969848
575010 1378.894472361809
575499 1407.179487179487
576010 1400.0
576500 1407.179487179487
577010 1400.0
577510 1428.0
578000 1378.4615384615383
578510 1400.0
579009 1435.1758793969848
579510 1365.1741293532339
580010 1414.141414141414
580510 1400.0
581010 1407.0351758793968
581510 1400.0
582010 1435.1758793969848
582509 1372.0
583000 1428.5714285714287
583500 1407.0351758793968
584010 1406.8965517241381
584510 1378.894472361809
584999 1428.5714285714287
585500 1385.858585858586
586000 1393.0348258706467
586500 1407.0351758793968
586999 1400.0
587500 1435.1758793969848
588000 1407.0351758793968
588500 1400.0
589000 1400.0
589500 1407.0351758793968
590000 1378.894472361809
590509 1400.0
591000 1435.8974358974356
591510 1372.5490196078429
592010 1393.0348258706467
592510 1414.141414141414
593010 1400.0
593509 1414.141414141414
594000 1421.3197969543146
594510 1406.8965517241381
594999 1378.4615384615383
595510 1400.0
596010 1407.0351758793968
596499 1407.179487179487
597000 1400.0
597500 1407.0351758793968
598000 1428.0
598500 1400.0
599010 1379.310344827586
599500 1407.179487179487
600000 1400.0
600500 1400.0
601000 1414.141414141414
601510 1406.8965517241381
601999 1400.0
602500 1393.0348258706467
603010 1406.8965517241381
603510 1435.1758793969848
604000 1400.0
604500 1378.894472361809
605010 1427.4509803921567
605500 1378.4615384615383
606010 1400.0
606509 1414.141414141414
607010 1428.0
607510 1378.894472361809
608010 1393.0348258706467
608509 1400.0
609010 1407.0351758793968
609510 1407.0351758793968
610010 1407.0351758793968
610510 1400.0
611010 1428.0
611510 1372.0
612010 1435.1758793969848
612509 1378.894472361809
613010 1400.0
613510 1407.0351758793968
614010 1400.0
614510 1400.0
615010 1407.0351758793968
615510 1400.0
616010 1414.141414141414
616510 1393.0348258706467
617010 1414.141414141414
617510 1420.8955223880598
618010 1386.1386138613861
618510 1392.8934010152284
619010 1407.0351758793968
619510 1435.1758793969848
620009 1372.0
620510 1400.0
621010 1407.0351758793968
621510 1428.0
622010 1400.0
622510 1414.141414141414
623010 1365.1741293532339
623510 1407.0351758793968
624010 1400.0
624500 1407.179487179487
625010 1406.8965517241381
625500 1400.0
626010 1413.8613861386139
626510 1407.0351758793968
627010 1393.0348258706467
627510 1435.1758793969848
628010 1372.0
628510 1400.0
629010 1414.141414141414
629500 1400.0
630010 1400.0
630509 1407.0351758793968
631009 1400.0
631510 1407.0351758793968
631999 1407.179487179487
632510 1400.0
632999 1407.179487179487
633500 1407.0351758793968
634000 1400.0
634509 1406.8965517241381
635010 1400.0
635510 1400.0
636010 1400.0
636510 1407.0351758793968
637010 1393.0348258706467
637509 1407.0351758793968
638010 1407.0351758793968
638510 1400.0
639010 1400.0
639509 1414.141414141414
640010 1400.0
640510 1400.0
641010 1407.0351758793968
641509 1407.0351758793968
642010 1400.0
642510 1400.0
643010 1414.141414141414
643510 1393.0348258706467
644010 1414.141414141414
644510 1386.1386138613861
645009 1414.141414141414
645510 1400.0
646010 1400.0
646510 1407.0351758793968
647010 1400.0
647510 1372.0
648009 1428.0
648510 1414.141414141414
649010 1400.0
649510 1407.0351758793968
650000 1400.0
650510 1372.5490196078429
651010 1407.0351758793968
651510 1428.0
652010 1400.0
652510 1407.0351758793968
653010 1400.0
653510 1400.0
654000 1407.179487179487
654500 1414.141414141414
655009 1393.170731707317
655510 1378.894472361809
656000 1435.8974358974356
656510 1400.0
657010 1407.0351758793968
657509 1372.0
658010 1400.0
658500 1435.8974358974356
659010 1400.0
659510 1378.894472361809
660010 1400.0
660510 1435.1758793969848
661000 1385.858585858586
661510 1386.1386138613861
662010 1400.0
662510 1407.0351758793968
663010 1428.0
663509 1400.0
664010 1407.0351758793968
664510 1372.0
665010 1400.0
665500 1435.8974358974356
666000 1400.0
666500 1407.0351758793968
667010 1400.0
667510 1407.0351758793968
668010 1407.0351758793968
668500 1392.8934010152284
669000 1414.141414141414
669500 1378.894472361809
669999 1407.0351758793968
670500 1420.8955223880598
671000 1407.0351758793968
671509 1386.1386138613861
671999 1428.5714285714287
672510 1379.310344827586
673010 1407.0351758793968
673510 1400.0
674010 1407.0351758793968
674509 1428.0
675010 1407.0351758793968
675510 1378.894472361809
675999 1428.5714285714287
676510 1400.0
677009 1407.0351758793968
677510 1372.0
678010 1407.0351758793968
678500 1428.5714285714287
679000 1378.894472361809
679510 1400.0
680010 1407.0351758793968
680510 1400.0
681010 1400.0
681510 1435.1758793969848
682009 1407.0351758793968
682510 1378.894472361809
683010 1400.0
683510 1407.0351758793968
684009 1428.0
684510 1372.0
685010 1400.0
685510 1407.0351758793968
686009 1435.1758793969848
686510 1393.0348258706467
687009 1385.858585858586
687510 1435.1758793969848
688010 1372.0
688510 1435.1758793969848
689010 1378.894472361809
689510 1428.0
690010 1407.0351758793968
690510 1400.0
691000 1378.4615384615383
691509 1406.8965517241381
692009 1400.0
692510 1400.0
693010 1400.0
693500 1407.179487179487
694000 1428.0
694500 1385.858585858586
695000 1400.0
695500 1400.0
696000 1407.0351758793968
696510 1400.0
697010 1407.0351758793968
697510 1407.0351758793968
698009 1393.0348258706467
698500 1407.179487179487
699010 1406.8965517241381
699500 1428.5714285714287
700000 1372.0
700510 1427.4509803921567
701000 1385.5670103092782
701510 1427.4509803921567
702010 1372.0
702500 1435.8974358974356
703000 1372.0
703500 1400.0
704010 1400.0
704500 1407.179487179487
705010 1427.4509803921567
705510 1378.894472361809
706000 1407.179487179487
706509 1434.4827586206895
707010 1372.0
707510 1400.0
708010 1400.0
708500 1407.179487179487
709010 1400.0
709510 1435.1758793969848
710010 1372.0
710510 1407.0351758793968
710999 1392.8934010152284
711500 1435.1758793969848
712010 1372.5490196078429
712510 1407.0351758793968
713010 1400.0
713510 1407.0351758793968
714000 1400.0
714510 1406.8965517241381
715010 1400.0
715510 1407.0351758793968
715999 1407.179487179487
716500 1428.0
717010 1379.310344827586
717510 1400.0
718010 1407.0351758793968
718499 1407.179487179487
719000 1393.0348258706467
719510 1413.8613861386139
720000 1428.5714285714287
720500 1407.0351758793968
721000 1407.0351758793968
721510 1372.5490196078429
722010 1414.141414141414
722510 1400.0
722999 1407.179487179487
723500 1400.0
724010 1406.8965517241381
724500 1400.0
725000 1393.0348258706467
725510 1406.8965517241381
726010 1407.0351758793968
726510 1414.141414141414
727010 1400.0
727510 1407.0351758793968
728010 1393.0348258706467
728510 1407.0351758793968
729010 1393.0348258706467
729510 1414.141414141414
730010 1428.0
730499 1378.4615384615383
731000 1400.0
731510 1406.8965517241381
732000 1407.179487179487
732510 1400.0
733010 1407.0351758793968
733510 1407.0351758793968
734000 1400.0
734500 1407.0351758793968
735010 1400.0
735500 1400.0
736000 1407.0351758793968
736510 1400.0
737010 1407.0351758793968
737500 1400.0
738010 1406.8965517241381
738510 1393.0348258706467
739000 1414.4329896907216
739510 1400.0
740000 1400.0
740510 1406.8965517241381
741010 1400.0
741500 1400.0
742009 1400.0
742509 1407.0351758793968
743010 1400.0
743510 1414.141414141414
744010 1393.0348258706467
744510 1400.0
745000 1407.179487179487
745510 1406.8965517241381
746010 1407.0351758793968
746510 1407.0351758793968
747010 1407.0351758793968
747500 1385.858585858586
747999 1414.141414141414
748510 1400.0
749010 1400.0
749510 1407.0351758793968
750000 1400.0
750500 1400.0
750999 1414.141414141414
751510 1406.8965517241381
752010 1400.0
752510 1407.0351758793968
753010 1407.0351758793968
753510 1407.0351758793968
754010 1400.0
754510 1407.0351758793968
755010 1400.0
755510 1400.0
756010 1400.0
756499 1407.179487179487
757010 1406.8965517241381
757510 1407.0351758793968
758010 1400.0
758509 1400.0
759010 1400.0
759510 1378.894472361809
760000 1428.5714285714287
760510 1406.8965517241381
761010 1414.141414141414
761510 1400.0
762010 1372.0
762510 1435.1758793969848
763010 1378.894472361809
763510 1428.0
764010 1393.0348258706467
764510 1378.894472361809
765009 1435.1758793969848
765510 1407.0351758793968
766010 1400.0
766510 1372.0
767009 1442.4242424242425
767510 1400.0
768000 1392.8934010152284
768510 1406.8965517241381
769010 1400.0
769510 1407.0351758793968
770010 1407.0351758793968
770500 1407.179487179487
771010 1386.4077669902913
771509 1414.141414141414
772009 1372.0
772509 1428.0
773010 1372.0
773509 1442.4242424242425
774009 1393.0348258706467
774510 1407.0351758793968
775010 1407.0351758793968
775510 1378.894472361809
776010 1435.1758793969848
776510 1407.0351758793968
777010 1372.0
777509 1435.1758793969848
778010 1393.0348258706467
778509 1407.0351758793968
779010 1407.0351758793968
779509 1372.0
780000 1428.5714285714287
780510 1406.8965517241381
781000 1407.179487179487
781500 1372.0
782010 1434.4827586206895
782499 1407.179487179487
783010 1400.0
783510 1400.0
784010 1407.0351758793968
784500 1378.4615384615383
785010 1400.0
785510 1428.0
786010 1378.894472361809
786510 1414.141414141414
787010 1420.8955223880598
787510 1378.894472361809
787999 1400.0
788510 1434.4827586206895
789010 1372.0
789510 1435.1758793969848
790010 1400.0
790500 1407.179487179487
791000 1372.0
791510 1427.4509803921567
792010 1407.0351758793968
792500 1407.179487179487
793010 1372.5490196078429
793510 1435.1758793969848
794000 1400.0
794510 1406.8965517241381
795010 1372.0
795510 1407.0351758793968
796010 1420.8955223880598
796510 1378.894472361809
797010 1420.8955223880598
797510 1407.0351758793968
798000 1407.179487179487
798509 1379.310344827586
799010 1393.0348258706467
799509 1414.141414141414
800010 1400.0
800510 1400.0
801000 1407.179487179487
801500 1400.0
802010 1413.8613861386139
802510 1428.0
803010 1372.0
803510 1407.0351758793968
804009 1400.0
804510 1428.0
805010 1378.894472361809
805510 1435.1758793969848
806000 1407.179487179487
806500 1400.0
807010 1379.310344827586
807510 1407.0351758793968
808010 1393.0348258706467
808510 1407.0351758793968
809010 1407.0351758793968
809510 1420.8955223880598
810010 1378.894472361809
810510 1407.0351758793968
811009 1428.0
811500 1392.8934010152284
812010 1413.8613861386139
812510 1378.894472361809
813010 1400.0
813510 1428.0
814009 1372.0
814510 1407.0351758793968
815010 1407.0351758793968
815510 1400.0
816010 1414.141414141414
816510 1428.0
817000 1400.0
817509 1379.310344827586
818000 1407.179487179487
818510 1400.0
819000 1400.0
819500 1428.0
820010 1386.1386138613861
820510 1400.0
821010 1420.8955223880598
821510 1407.0351758793968
822010 1378.894472361809
822500 1407.179487179487
823009 1427.4509803921567
823500 1378.4615384615383
824010 1400.0
824510 1407.0351758793968
824999 1400.0
825510 1406.8965517241381
826010 1407.0351758793968
826510 1407.0351758793968
827000 1392.8934010152284
827509 1413.8613861386139
827999 1435.8974358974356
828510 1372.5490196078429
829010 1400.0
829510 1407.0351758793968
830000 1400.0
830510 1400.0
831010 1407.0351758793968
831510 1435.1758793969848
832010 1378.894472361809
832509 1400.0
833010 1442.4242424242425
