0 279.99999999999994
495 1392.4324324324325
1005 1413.8613861386139
1504 1400.0
2005 1407.0351758793968
2504 1414.141414141414
3005 335.99999999999994
3504 0.0
4005 0.0
4504 197.97979797979795
5004 0.0
5505 0.0
6004 0.0
6504 1074.7474747474746
7005 1400.0
7505 1400.0
8004 1372.0
8504 1428.0
9004 1385.858585858586
9505 1393.0348258706467
10004 1414.141414141414
10504 1400.0
11004 1400.0
11504 1414.141414141414
12004 1372.0
12504 1407.0351758793968
13005 1400.0
13504 1414.141414141414
14004 1407.0351758793968
14504 1365.1741293532339
15004 1435.1758793969848
15505 1378.894472361809
16004 1393.0348258706467
16504 1414.141414141414
17004 139.99999999999997
17494 0.0
18004 0.0
18505 759.7989949748744
19005 1442.4242424242425
19505 1372.0
20004 1400.0
20505 1008.0
21005 0.0
21504 0.0
22005 0.0
22505 0.0
23004 169.6969696969697
23504 0.0
24004 0.0
24505 0.0
25004 0.0
25504 1148.0
26005 1400.0
26505 1407.0351758793968
27004 1365.1741293532339
27504 1442.4242424242425
28004 1393.0348258706467
28505 1378.894472361809
29004 1407.0351758793968
29504 1400.0
30004 1400.0
30505 1414.141414141414
31004 1400.0
31504 1365.1741293532339
32005 1435.1758793969848
32505 1378.894472361809
33005 1400.0
33504 1407.0351758793968
34005 1378.894472361809
34505 1428.0
35004 1400.0
35504 1400.0
36005 1407.0351758793968
36505 1400.0
37004 1372.0
37504 1400.0
38005 1400.0
38504 1378.894472361809
39004 1407.0351758793968
39504 1428.0
40004 1400.0
40504 1400.0
41004 1400.0
41505 1372.0
42004 1407.0351758793968
42504 1407.0351758793968
43005 1378.894472361809
43505 1400.0
44004 1400.0
44504 1407.0351758793968
45005 1365.1741293532339
45504 1407.0351758793968
46004 1407.0351758793968
46505 1400.0
47004 1407.0351758793968
47504 1400.0
48004 1372.0
48505 1428.0
49004 1385.858585858586
49504 1400.0
50004 1400.0
50504 1400.0
51005 1400.0
51504 1378.894472361809
52005 1435.1758793969848
52504 1372.0
53004 1407.0351758793968
53504 1407.0351758793968
54004 1372.0
54504 1435.1758793969848
55004 1400.0
55504 1378.894472361809
56005 1407.0351758793968
56505 1372.0
57004 1435.1758793969848
57504 1400.0
58005 1400.0
58505 1378.894472361809
59004 1365.1741293532339
59504 1435.1758793969848
60005 1372.0
60505 1393.0348258706467
61004 1385.858585858586
61504 1407.0351758793968
62005 1400.0
62505 1428.0
63004 1372.0
63504 1400.0
64004 1400.0
64505 1407.0351758793968
65004 1407.0351758793968
65504 1400.0
66005 1393.0348258706467
66504 1407.0351758793968
67004 1372.0
67505 1400.0
68005 1407.0351758793968
68504 1400.0
69005 1407.0351758793968
69504 1407.0351758793968
70004 1407.0351758793968
70504 1393.0348258706467
71005 1407.0351758793968
71505 1400.0
72004 1372.0
72504 1407.0351758793968
73005 1393.0348258706467
73505 1407.0351758793968
74004 1400.0
74504 1378.894472361809
75005 1400.0
75504 1400.0
76004 1407.0351758793968
76504 1407.0351758793968
77005 1372.0
77504 1428.0
78005 1400.0
78505 1372.0
79004 1407.0351758793968
79504 1400.0
80005 1393.0348258706467
80504 1414.141414141414
81004 1400.0
81505 1400.0
82005 1400.0
82504 1385.858585858586
83005 1400.0
83504 1400.0
84004 1407.0351758793968
84504 1400.0
85005 1407.0351758793968
85504 1414.141414141414
86004 1372.0
86505 1407.0351758793968
87004 1372.0
87504 1407.0351758793968
88005 1372.0
88504 1400.0
89004 1400.0
89505 1378.894472361809
90005 1393.0348258706467
90504 1414.141414141414
91005 1358.4158415841582
91504 1414.141414141414
92005 1365.1741293532339
92504 1414.141414141414
93004 1372.0
93505 1400.0
94004 1400.0
94505 1372.0
95004 1407.0351758793968
95504 1400.0
96004 1372.0
96504 1378.894472361809
97005 1400.0
97504 1372.0
98005 1400.0
98504 1372.0
99004 1400.0
99505 1400.0
100004 1378.894472361809
100505 1393.0348258706467
101005 1400.0
101504 1407.0351758793968
102004 1407.0351758793968
102505 1400.0
103004 1407.0351758793968
103504 1343.9999999999998
104005 1393.0348258706467
104504 1407.0351758793968
105004 1400.0
105504 1414.141414141414
106004 1406.8965517241381
106504 1392.8934010152284
107004 1414.141414141414
107505 1400.0
108004 1400.0
108504 1400.0
109004 1414.141414141414
109504 1372.0
110005 1428.0
110504 1400.0
111004 1407.0351758793968
111504 1378.894472361809
112005 1428.0
112504 1372.0
113004 1407.0351758793968
113505 1407.0351758793968
114004 1372.0
114505 1400.0
115004 1372.0
115504 1400.0
116004 1385.858585858586
116504 1400.0
117005 1393.0348258706467
117504 1407.0351758793968
118004 1378.894472361809
118504 1400.0
119005 1428.0
119505 1407.0351758793968
120004 1378.894472361809
120504 1407.0351758793968
121005 1428.0
121504 1378.894472361809
122004 1428.0
122504 1407.0351758793968
123004 1365.1741293532339
123505 1435.1758793969848
124004 1378.894472361809
124504 1400.0
125005 1407.0351758793968
125505 1393.0348258706467
126005 1407.0351758793968
126505 1442.4242424242425
127005 1372.0
127504 1428.0
128004 1372.0
128505 1442.4242424242425
129004 1372.0
129504 1400.0
130004 1435.1758793969848
130494 1400.0
131004 1406.8965517241381
131504 1407.0351758793968
132004 1372.0
132505 1407.0351758793968
133005 1400.0
133505 1435.1758793969848
134005 1393.0348258706467
134505 1407.0351758793968
135004 1378.894472361809
135504 1428.0
136005 1372.0
136505 1400.0
137004 1435.1758793969848
137504 1378.894472361809
138004 1407.0351758793968
138504 1407.0351758793968
139005 1407.0351758793968
139504 1407.0351758793968
140004 1428.0
140504 1378.894472361809
141005 1372.0
141504 1407.0351758793968
142005 1400.0
142504 1435.1758793969848
143005 1393.0348258706467
143504 1378.894472361809
144004 1407.0351758793968
144504 1378.894472361809
145005 1386.1386138613861
145505 1414.141414141414
146004 1400.0
146504 1378.894472361809
147005 1400.0
147505 1407.0351758793968
148004 1372.0
148504 1372.0
149005 1400.0
149505 1400.0
150004 1407.0351758793968
150504 1400.0
151005 1365.1741293532339
151504 1407.0351758793968
152004 1407.0351758793968
152504 1372.0
153005 1407.0351758793968
153505 1372.0
154004 1400.0
154504 1407.0351758793968
155005 1372.0
155505 1400.0
156004 1400.0
156505 1400.0
157004 1378.894472361809
157504 1407.0351758793968
158004 1400.0
158504 1372.0
159004 1400.0
159505 1372.0
160004 1407.0351758793968
160504 1400.0
161005 1407.0351758793968
161504 1372.0
162004 1407.0351758793968
162505 1365.1741293532339
163005 1442.4242424242425
163504 1400.0
164004 1372.0
164504 1400.0
165005 1393.0348258706467
165504 1385.858585858586
166004 1365.1741293532339
166505 1407.0351758793968
167004 1407.0351758793968
167504 1407.0351758793968
168004 1400.0
168505 1365.1741293532339
169004 1442.4242424242425
169505 1378.894472361809
170005 1407.0351758793968
170505 1428.0
171004 1407.0351758793968
171505 1407.0351758793968
172004 1378.894472361809
172505 1400.0
173004 1407.0351758793968
173505 1400.0
174004 1407.0351758793968
174504 1400.0
175004 1414.141414141414
175505 1393.0348258706467
176004 1378.894472361809
176504 1400.0
177004 1435.1758793969848
177504 1393.0348258706467
178005 1378.894472361809
178504 1400.0
179005 1414.141414141414
179504 1400.0
180004 1372.0
180505 1400.0
181004 1378.894472361809
181504 1393.0348258706467
182004 1414.141414141414
182505 1407.0351758793968
183004 1400.0
183504 1378.894472361809
184004 1400.0
184505 1378.894472361809
185004 1407.0351758793968
185504 1393.0348258706467
186004 1407.0351758793968
186504 1372.0
187004 1407.0351758793968
187504 1407.0351758793968
188005 1393.0348258706467
188504 1372.0
189004 1414.141414141414
189505 1372.0
190004 1420.8955223880598
190504 1350.753768844221
191005 1393.0348258706467
191504 1428.0
192004 1378.894472361809
192505 1393.0348258706467
193004 1385.858585858586
193504 1400.0
194004 1400.0
194505 1365.1741293532339
195004 1428.0
195504 1378.894472361809
196004 1400.0
196505 1372.0
197004 1407.0351758793968
197504 1400.0
198004 1372.0
198504 1378.894472361809
199004 1407.0351758793968
199504 1386.1386138613861
200004 1407.0351758793968
200504 1372.0
201005 1428.0
201504 1378.894472361809
202004 1407.0351758793968
202505 1400.0
203004 1372.0
203504 1407.0351758793968
204004 1372.0
204505 1393.0348258706467
205004 1407.0351758793968
205504 1378.894472361809
206005 1393.0348258706467
206504 1407.0351758793968
207004 1372.0
207504 1407.0351758793968
208004 1393.0348258706467
208504 1378.894472361809
209004 1407.0351758793968
209505 1400.0
210004 1372.0
210505 1407.0351758793968
211004 1393.0348258706467
211504 1378.894472361809
212005 1407.0351758793968
212504 1400.0
213004 1365.1741293532339
213504 1400.0
214005 1400.0
214504 1378.894472361809
215004 1400.0
215505 1407.0351758793968
216004 1407.0351758793968
216504 1372.0
217005 1400.0
217504 1378.894472361809
218004 1407.0351758793968
218505 1400.0
219005 1393.0348258706467
219504 1414.141414141414
220004 1393.0348258706467
220505 1365.1741293532339
221004 1407.0351758793968
221504 1372.0
222004 1378.894472361809
222504 1420.8955223880598
223004 1378.894472361809
223504 1400.0
224005 1378.894472361809
224504 1400.0
225004 1407.0351758793968
225505 1393.0348258706467
226004 1407.0351758793968
226504 1378.894472361809
227005 1393.0348258706467
227504 1385.858585858586
228004 1393.0348258706467
228504 1414.141414141414
229005 1365.1741293532339
229504 1414.141414141414
230004 1407.0351758793968
230505 1358.4158415841582
231005 1435.1758793969848
231504 1378.894472361809
232004 1365.1741293532339
232505 1435.1758793969848
233004 1372.0
233504 1407.0351758793968
234004 1400.0
234504 1407.0351758793968
235005 1407.0351758793968
235504 1400.0
236004 1407.0351758793968
236504 1372.0
237005 1393.0348258706467
237504 1414.141414141414
238005 1393.0348258706467
238504 1407.0351758793968
239005 1400.0
239504 1378.894472361809
240005 1400.0
240494 1407.179487179487
241004 1400.0
241495 1407.179487179487
242004 1400.0
242504 1378.894472361809
243004 1435.1758793969848
243505 1372.0
244004 1407.0351758793968
244504 1400.0
245004 1400.0
245504 1435.1758793969848
246005 1372.0
246494 1407.179487179487
246994 1400.0
247505 1406.8965517241381
248004 1407.0351758793968
248504 1386.1386138613861
249004 1414.141414141414
249505 1400.0
250005 1400.0
250505 1372.0
251005 1407.0351758793968
251505 1407.0351758793968
252004 1407.0351758793968
252504 1393.0348258706467
253004 1407.0351758793968
253504 1393.0348258706467
254005 1407.0351758793968
254505 1407.0351758793968
255004 1407.0351758793968
255504 1372.0
256004 1428.0
256504 1407.0351758793968
257004 1400.0
257504 1378.894472361809
258005 1414.141414141414
258504 1400.0
259005 1407.0351758793968
259504 1407.0351758793968
260005 1400.0
260504 1400.0
261005 1407.0351758793968
261504 1407.0351758793968
262004 1393.0348258706467
262505 1378.894472361809
263004 1442.4242424242425
263494 1400.0
264005 1372.5490196078429
264504 1400.0
265004 1407.0351758793968
265504 1435.1758793969848
266004 1372.0
266504 1407.0351758793968
267004 1400.0
267505 1378.894472361809
268004 1420.8955223880598
268494 1407.179487179487
269005 1400.0
269504 1378.894472361809
270005 1400.0
270504 1407.0351758793968
271004 1400.0
271504 1407.0351758793968
272005 1428.0
272504 1378.894472361809
273004 1400.0
273505 1372.0
274004 1400.0
274505 1407.0351758793968
275004 1435.1758793969848
275505 1407.0351758793968
276004 1407.0351758793968
276504 1400.0
277005 1372.0
277504 1407.0351758793968
278005 1400.0
278504 1400.0
279004 1407.0351758793968
279505 1400.0
280004 1400.0
280494 1378.4615384615383
281004 1441.5841584158416
281504 1400.0
282004 1372.0
282504 1428.0
283004 1378.894472361809
283504 1400.0
284005 1407.0351758793968
284504 1400.0
285004 1400.0
285504 1414.141414141414
286004 1400.0
286494 1400.0
287004 1400.0
287504 1407.0351758793968
288004 1378.894472361809
288504 1393.0348258706467
289004 1414.141414141414
289504 1393.0348258706467
290004 1428.0
290504 1378.894472361809
291004 1400.0
291505 1407.0351758793968
292004 1400.0
292504 1400.0
293005 1407.0351758793968
293504 1393.0348258706467
294005 1414.141414141414
294504 1378.894472361809
295004 1400.0
295504 1400.0
295995 1400.0
296504 1406.8965517241381
297004 1407.0351758793968
297504 1407.0351758793968
297994 1371.4285714285713
298504 1434.4827586206895
299005 1365.1741293532339
299504 1407.0351758793968
300005 1407.0351758793968
300504 1407.0351758793968
301005 1400.0
301504 1400.0
302004 1400.0
302504 1414.141414141414
303004 1372.0
303504 1428.0
304005 1393.0348258706467
304504 1407.0351758793968
305005 1385.858585858586
305505 1400.0
306004 1435.1758793969848
306504 1372.0
307004 1414.141414141414
307505 1400.0
308004 1400.0
308494 1407.179487179487
309005 1393.170731707317
309504 1385.858585858586
309995 1428.5714285714287
310505 1393.170731707317
311004 1407.0351758793968
311505 1372.0
312004 1428.0
312504 1407.0351758793968
313004 1378.894472361809
313504 1400.0
314004 1400.0
314504 1407.0351758793968
315004 1407.0351758793968
315504 1378.894472361809
316004 1428.0
316504 1400.0
317005 1400.0
317504 1378.894472361809
318005 1435.1758793969848
318504 1372.0
319005 1428.0
319504 1378.894472361809
320005 1400.0
320504 1400.0
321004 1407.0351758793968
321505 1400.0
322004 1407.0351758793968
322505 1393.0348258706467
323004 1385.858585858586
323505 1400.0
324004 1400.0
324504 1400.0
325005 1414.141414141414
325504 1400.0
326004 1407.0351758793968
326504 1400.0
327005 1372.0
327504 1428.0
328005 1414.141414141414
328504 1393.0348258706467
329005 1407.0351758793968
329504 1378.894472361809
330005 1400.0
330504 1414.141414141414
331004 1420.8955223880598
331504 1378.894472361809
332004 1400.0
332494 1414.4329896907216
333005 1400.0
333505 1400.0
334004 1378.894472361809
334504 1428.0
335004 1400.0
335504 1400.0
336004 1378.894472361809
336504 1407.0351758793968
337005 1407.0351758793968
337505 1393.0348258706467
338004 1414.141414141414
338505 1393.0348258706467
339004 1407.0351758793968
339504 1400.0
340005 1400.0
340504 1407.0351758793968
341004 1407.0351758793968
341504 1400.0
342004 1407.0351758793968
342505 1372.0
343004 1400.0
343504 1442.4242424242425
344004 1400.0
344505 1372.0
344994 1400.0
345494 1400.0
346005 1400.0
346504 1407.0351758793968
347005 1400.0
347504 1378.894472361809
348004 1435.1758793969848
348505 1365.1741293532339
349004 1407.0351758793968
349505 1407.0351758793968
350004 1393.0348258706467
350494 1407.179487179487
350994 1400.0
351504 1413.8613861386139
352004 1400.0
352504 1407.0351758793968
353005 1393.0348258706467
353504 1407.0351758793968
354004 1400.0
354504 1372.0
355004 1407.0351758793968
355505 1400.0
356005 1407.0351758793968
356505 1407.0351758793968
357004 1400.0
357505 1400.0
358004 1407.0351758793968
358505 1400.0
359004 1372.0
359505 1393.0348258706467
360004 1392.8934010152284
360504 1400.0
361004 1400.0
361505 1400.0
362005 1372.0
362505 1407.0351758793968
363005 1400.0
363504 1407.0351758793968
364004 1400.0
364504 1400.0
365005 1407.0351758793968
365504 1407.0351758793968
366004 1400.0
366505 1400.0
367004 1407.0351758793968
367504 1400.0
368004 1372.0
368504 1400.0
369004 1414.141414141414
369504 1400.0
370005 1428.0
370504 1378.894472361809
371004 1435.1758793969848
371504 1407.0351758793968
372005 1393.0348258706467
372504 1378.894472361809
373005 1407.0351758793968
373504 1372.0
373994 1400.0
374504 1434.4827586206895
375004 1378.894472361809
375504 1407.0351758793968
376005 1428.0
376504 1372.0
377005 1400.0
377504 1442.4242424242425
378005 1400.0
378504 1378.894472361809
379005 1393.0348258706467
379504 1400.0
380005 1407.0351758793968
380504 1407.0351758793968
381004 1372.0
381504 1435.1758793969848
382005 1378.894472361809
382504 1400.0
383004 1428.0
383505 1385.858585858586
384004 1400.0
384494 1400.0
385004 1406.8965517241381
385504 1372.0
386004 1435.1758793969848
386504 1400.0
387005 1372.0
387504 1400.0
388004 1407.0351758793968
388505 1428.0
389004 1372.0
389504 1407.0351758793968
390004 1393.0348258706467
390504 1407.0351758793968
391004 1400.0
391504 1407.0351758793968
392004 1407.0351758793968
392504 1372.0
393004 1400.0
393505 1428.0
394004 1372.0
394505 1435.1758793969848
394994 1378.4615384615383
395494 1400.0
396004 1400.0
396504 1407.0351758793968
397004 1407.0351758793968
397504 1400.0
398004 1400.0
398504 1414.141414141414
399004 1400.0
399504 1407.0351758793968
400004 1407.0351758793968
400504 1372.0
401004 1407.0351758793968
401504 1420.8955223880598
402004 1378.894472361809
402504 1407.0351758793968
403004 1407.0351758793968
403505 1393.0348258706467
404004 1414.141414141414
404505 1400.0
405004 1400.0
405494 1407.179487179487
405995 1400.0
406495 1365.1741293532339
407004 1441.5841584158416
407504 1393.0348258706467
408004 1385.858585858586
408504 1400.0
409004 1407.0351758793968
409505 1400.0
410004 1407.0351758793968
410505 1400.0
411004 1378.894472361809
411505 1420.8955223880598
412004 1442.4242424242425
412505 1343.9999999999998
413004 1435.1758793969848
413505 1372.0
414004 1393.0348258706467
414505 1407.0351758793968
414994 1414.4329896907216
415504 1393.170731707317
415995 1407.179487179487
416504 1400.0
416994 1407.179487179487
417495 1372.0
418005 1427.4509803921567
418504 1407.0351758793968
419005 1372.0
419504 1407.0351758793968
420005 1400.0
420504 1407.0351758793968
421005 1372.0
421504 1400.0
422004 1400.0
422504 1435.1758793969848
423004 1378.894472361809
423504 1386.1386138613861
424005 1407.0351758793968
424504 1400.0
425004 1400.0
425504 1400.0
426005 1407.0351758793968
426505 1372.0
427004 1428.0
427495 1378.4615384615383
427994 1407.0351758793968
428494 1400.0
429004 1400.0
429504 1442.4242424242425
430004 1372.0
430505 1407.0351758793968
431004 1400.0
431505 1407.0351758793968
432004 1393.0348258706467
432505 1407.0351758793968
433004 1400.0
433504 1407.0351758793968
434004 1407.0351758793968
434505 1407.0351758793968
435004 1393.0348258706467
435504 1378.894472361809
436004 1407.0351758793968
436504 1428.0
437004 1372.0
437504 1400.0
438004 1400.0
438504 1414.141414141414
439005 1400.0
439504 1378.894472361809
440004 1428.0
440504 1372.0
441005 1407.0351758793968
441504 1435.1758793969848
442004 1372.0
442504 1400.0
443005 1407.0351758793968
443504 1435.1758793969848
444005 1372.0
444504 1407.0351758793968
445005 1407.0351758793968
445504 1407.0351758793968
446005 1428.0
446504 1350.753768844221
447005 1428.0
447495 1400.0
447995 1400.0
448494 1400.0
449004 1372.5490196078429
449504 1407.0351758793968
450004 1407.0351758793968
450505 1400.0
451004 1407.0351758793968
451505 1407.0351758793968
452004 1407.0351758793968
452504 1393.0348258706467
453004 1378.894472361809
453505 1428.0
454004 1372.0
454505 1442.4242424242425
455004 1372.0
455505 1428.0
456004 1372.0
456505 1400.0
457005 1400.0
457504 1407.0351758793968
457994 1407.179487179487
458504 1372.5490196078429
459004 1400.0
459494 1435.8974358974356
460004 1400.0
460504 1378.894472361809
460994 1400.0
461504 1420.4878048780488
462005 1372.0
462504 1407.0351758793968
463005 1400.0
463504 1407.0351758793968
464004 1407.0351758793968
464504 1400.0
465005 1400.0
465504 1372.0
466005 1414.141414141414
466504 1407.0351758793968
467004 1407.0351758793968
467504 1400.0
468004 1400.0
468504 1400.0
469004 1407.0351758793968
469505 1400.0
470004 1407.0351758793968
470505 1407.0351758793968
471004 1407.0351758793968
471504 1400.0
471995 1364.467005076142
472494 1442.4242424242425
473004 1372.5490196078429
473505 1400.0
474004 1414.141414141414
474505 1393.0348258706467
475004 1407.0351758793968
475504 1407.0351758793968
476004 1407.0351758793968
476505 1372.0
477004 1435.1758793969848
477504 1400.0
478004 1407.0351758793968
478505 1372.0
479004 1378.894472361809
479504 1400.0
480005 1420.8955223880598
480504 1385.858585858586
481005 1400.0
481504 1414.141414141414
482005 1400.0
482504 1400.0
482994 1400.0
483495 1400.0
484004 1413.8613861386139
484505 1372.0
485004 1400.0
485505 1428.0
486004 1407.0351758793968
486504 1372.0
487004 1407.0351758793968
487505 1393.0348258706467
488004 1414.141414141414
488505 1393.0348258706467
489004 1378.894472361809
489505 1435.1758793969848
490004 1400.0
490504 1407.0351758793968
491004 1365.1741293532339
491504 1428.0
492004 1378.894472361809
492505 1400.0
493004 1407.0351758793968
493505 1393.0348258706467
494004 1400.0
494505 1414.141414141414
495004 1400.0
495504 1400.0
496004 1407.0351758793968
496505 1372.0
497004 1442.4242424242425
497505 1365.1741293532339
498004 1400.0
498504 1400.0
499004 1414.141414141414
499504 1393.0348258706467
500004 1407.0351758793968
500504 1407.0351758793968
501005 1400.0
501505 1400.0
502004 1378.894472361809
502504 1435.1758793969848
503004 1407.0351758793968
503504 1400.0
504004 1372.0
504504 1435.1758793969848
505004 1378.894472361809
505504 1393.0348258706467
506004 1407.0351758793968
506504 1400.0
507005 1407.0351758793968
507504 1400.0
508004 1414.141414141414
508504 1407.0351758793968
509005 1400.0
509504 1372.0
510005 1407.0351758793968
510504 1407.0351758793968
511005 1393.0348258706467
511504 1407.0351758793968
512005 1400.0
512504 1407.0351758793968
513004 1400.0
513504 1400.0
514004 1378.894472361809
514504 1441.5841584158416
515004 1357.5757575757575
515505 1428.0
516004 1407.0351758793968
516505 1365.1741293532339
517004 1435.1758793969848
517505 1400.0
518004 1378.894472361809
518505 1393.0348258706467
519004 1407.0351758793968
519505 1407.0351758793968
520004 1407.0351758793968
520505 1400.0
521004 1407.0351758793968
521505 1407.0351758793968
522004 1400.0
522504 1378.894472361809
523004 1435.1758793969848
523504 1365.1741293532339
524004 1407.0351758793968
524505 1407.0351758793968
524994 1407.179487179487
525494 1400.0
525994 1400.0
526494 1407.0351758793968
527004 1400.0
527495 1407.179487179487
528004 1400.0
528505 1372.0
529004 1435.1758793969848
529505 1400.0
530004 1378.894472361809
530505 1428.0
531004 1378.894472361809
531504 1393.0348258706467
532005 1407.0351758793968
532504 1407.0351758793968
532994 1400.0
533504 1413.8613861386139
533995 1392.8934010152284
534495 1407.0351758793968
535004 1406.8965517241381
535505 1372.0
536004 1407.0351758793968
536504 1400.0
537004 1400.0
537505 1414.141414141414
538004 1400.0
538504 1400.0
539004 1378.894472361809
539504 1428.0
540005 1378.894472361809
540504 1407.0351758793968
541005 1400.0
541504 1407.0351758793968
542005 1393.0348258706467
542504 1407.0351758793968
543005 1400.0
543504 1407.0351758793968
544005 1400.0
544504 1400.0
545005 1378.894472361809
545504 1407.0351758793968
546005 1393.0348258706467
546504 1407.0351758793968
547005 1400.0
547505 1400.0
548005 1414.141414141414
548504 1428.0
549004 1343.9999999999998
549504 1414.141414141414
549994 1400.0
550495 1428.0
550995 1400.0
551504 1379.310344827586
552005 1400.0
552494 1435.8974358974356
552995 1372.0
553495 1435.1758793969848
553995 1365.1741293532339
554504 1406.8965517241381
554994 1400.0
555504 1372.5490196078429
555995 1435.8974358974356
556505 1406.8965517241381
556994 1400.0
557504 1406.8965517241381
558005 1372.0
558504 1407.0351758793968
558994 1428.5714285714287
559494 1378.894472361809
560004 1406.8965517241381
560494 1400.0
560994 1407.0351758793968
561504 1400.0
561994 1407.179487179487
562494 1400.0
563004 1386.1386138613861
563494 1421.3197969543146
563994 1407.0351758793968
564504 1372.5490196078429
564994 1407.179487179487
565495 1428.0
566004 1372.5490196078429
566494 1400.0
566995 1407.0351758793968
567504 1379.310344827586
567994 1421.3197969543146
568495 1407.0351758793968
569004 1379.310344827586
569505 1400.0
570004 1442.4242424242425
570505 1400.0
571004 1372.0
571495 1400.0
571995 1435.1758793969848
572504 1379.310344827586
573005 1393.0348258706467
573494 1414.4329896907216
573995 1372.0
574504 1400.0
575004 1435.1758793969848
575504 1378.894472361809
575994 1400.0
576495 1407.0351758793968
576995 1400.0
577495 1400.0
577995 1428.0
578504 1379.310344827586
579005 1400.0
579504 1400.0
580005 1400.0
580504 1414.141414141414
581004 1372.0
581504 1435.1758793969848
582005 1393.0348258706467
582504 1407.0351758793968
583005 1400.0
583504 1372.0
584004 1414.141414141414
584504 1407.0351758793968
585004 1393.0348258706467
585504 1400.0
586004 1400.0
586504 1378.894472361809
587004 1428.0
587504 1414.141414141414
588005 1365.1741293532339
588504 1414.141414141414
589005 1420.8955223880598
589504 1407.0351758793968
590005 1365.1741293532339
590504 1414.141414141414
591004 1400.0
591504 1378.894472361809
592004 1428.0
592504 1372.0
593005 1428.0
593504 1407.0351758793968
594004 1378.894472361809
594504 1428.0
595004 1372.0
595504 1407.0351758793968
596005 1400.0
596504 1400.0
597004 1407.0351758793968
597504 1407.0351758793968
598004 1378.894472361809
598504 1435.1758793969848
599004 1400.0
599505 1372.0
600004 1435.1758793969848
600505 1372.0
601004 1400.0
601504 1407.0351758793968
602004 1393.0348258706467
602495 1407.179487179487
603004 1372.5490196078429
603494 1428.5714285714287
603995 1407.0351758793968
604504 1379.310344827586
605005 1393.0348258706467
605504 1435.1758793969848
605994 1371.4285714285713
606504 1434.4827586206895
606995 1371.4285714285713
607495 1435.1758793969848
608004 1379.310344827586
608495 1407.179487179487
609004 1400.0
609505 1407.0351758793968
610004 1400.0
610505 1372.0
611004 1435.1758793969848
611494 1400.0
612004 1372.5490196078429
612505 1407.0351758793968
613004 1393.0348258706467
613504 1414.141414141414
613995 1400.0
614504 1406.8965517241381
615005 1407.0351758793968
615495 1392.8934010152284
616004 1379.310344827586
616505 1428.0
616994 1385.5670103092782
617504 1427.4509803921567
618005 1372.0
618505 1435.1758793969848
619004 1400.0
619505 1372.0
620004 1407.0351758793968
620505 1407.0351758793968
620994 1371.4285714285713
621504 1427.4509803921567
622005 1400.0
622504 1400.0
622994 1378.4615384615383
623504 1406.8965517241381
623995 1435.8974358974356
624505 1393.170731707317
625004 1378.894472361809
625504 1407.0351758793968
626004 1400.0
626494 1400.0
627004 1406.8965517241381
627505 1393.0348258706467
628004 1407.0351758793968
628505 1393.0348258706467
628994 1385.5670103092782
629495 1435.1758793969848
630004 1372.5490196078429
630494 1407.179487179487
631004 1406.8965517241381
631495 1421.3197969543146
631995 1372.0
632504 1406.8965517241381
632994 1400.0
633504 1413.8613861386139
634004 1372.0
634504 1435.1758793969848
635004 1407.0351758793968
635505 1393.0348258706467
636004 1400.0
636504 1378.894472361809
637005 1393.0348258706467
637504 1414.141414141414
638004 1393.0348258706467
638504 1435.1758793969848
639005 1372.0
639504 1414.141414141414
640005 1393.0348258706467
640504 1407.0351758793968
641004 1372.0
641504 1435.1758793969848
642005 1372.0
642504 1428.0
643004 1385.858585858586
643504 1428.0
644004 1372.0
644495 1428.5714285714287
645004 1379.310344827586
645505 1400.0
645995 1407.179487179487
646494 1407.0351758793968
646995 1393.0348258706467
647505 1406.8965517241381
648004 1407.0351758793968
648494 1378.4615384615383
649005 1427.4509803921567
649504 1378.894472361809
650004 1428.0
650505 1414.141414141414
650995 1371.4285714285713
651504 1400.0
652004 1407.0351758793968
652504 1400.0
653004 1393.0348258706467
653505 1407.0351758793968
654004 1400.0
654495 1371.4285714285713
655004 1400.0
655504 1414.141414141414
655994 1400.0
656504 1400.0
657004 1407.0351758793968
657504 1400.0
658005 1407.0351758793968
658504 1372.0
659004 1407.0351758793968
659504 1407.0351758793968
660005 1400.0
660495 1407.179487179487
660994 1407.0351758793968
661495 1358.4158415841582
662004 1434.4827586206895
662504 1407.0351758793968
663005 1400.0
663495 1378.4615384615383
664004 1400.0
664504 1407.0351758793968
665004 1435.1758793969848
665494 1371.4285714285713
665995 1407.0351758793968
666504 1406.8965517241381
666994 1392.8934010152284
667494 1400.0
668004 1406.8965517241381
668494 1407.179487179487
669004 1379.310344827586
669504 1393.0348258706467
669994 1414.4329896907216
670494 1400.0
671005 1400.0
671504 1400.0
672004 1400.0
672504 1400.0
673004 1407.0351758793968
673504 1372.0
674005 1393.0348258706467
674504 1435.1758793969848
675004 1378.894472361809
675504 1393.0348258706467
676004 1435.1758793969848
676504 1400.0
677004 1414.141414141414
677505 1365.1741293532339
678004 1414.141414141414
678504 1400.0
678994 1371.4285714285713
679504 1441.5841584158416
679994 1392.8934010152284
680494 1378.894472361809
680995 1393.0348258706467
681495 1442.4242424242425
682004 1379.310344827586
682504 1400.0
682995 1407.179487179487
683504 1400.0
684004 1407.0351758793968
684504 1400.0
684994 1378.4615384615383
685495 1420.8955223880598
686004 1413.8613861386139
686505 1400.0
687004 1378.894472361809
687494 1392.8934010152284
688004 1413.8613861386139
688505 1393.0348258706467
689004 1385.858585858586
689504 1400.0
689995 1428.5714285714287
690504 1400.0
690995 1371.4285714285713
691504 1413.8613861386139
691994 1392.8934010152284
692494 1400.0
692995 1400.0
693504 1379.310344827586
693995 1400.0
694495 1428.0
695004 1379.310344827586
695505 1407.0351758793968
696004 1372.0
696504 1435.1758793969848
697004 1400.0
697505 1400.0
697994 1385.5670103092782
698504 1406.8965517241381
698994 1392.8934010152284
699494 1378.894472361809
700004 1427.4509803921567
700495 1407.179487179487
701004 1379.310344827586
701505 1400.0
702004 1407.0351758793968
702504 1400.0
703004 1400.0
703505 1407.0351758793968
704004 1407.0351758793968
704504 1400.0
705004 1407.0351758793968
705505 1400.0
705994 1407.179487179487
706504 1400.0
707004 1372.0
707504 1407.0351758793968
707995 1392.8934010152284
708494 1407.0351758793968
709004 1406.8965517241381
709504 1435.1758793969848
710005 1378.894472361809
710504 1420.8955223880598
711004 1378.894472361809
711495 1435.8974358974356
711995 1365.1741293532339
712504 1400.0
712994 1407.179487179487
713504 1400.0
713994 1414.4329896907216
714495 1400.0
715004 1406.8965517241381
715504 1407.0351758793968
715994 1371.4285714285713
716494 1407.0351758793968
717005 1420.4878048780488
717504 1393.0348258706467
718004 1414.141414141414
718505 1372.0
719004 1407.0351758793968
719505 1435.1758793969848
720005 1393.0348258706467
720504 1378.894472361809
721004 1414.141414141414
721504 1407.0351758793968
722004 1400.0
722504 1400.0
723004 1400.0
723505 1407.0351758793968
724004 1400.0
724505 1407.0351758793968
724994 1407.179487179487
725504 1400.0
726004 1400.0
726504 1407.0351758793968
727004 1400.0
727504 1378.894472361809
728004 1435.1758793969848
728505 1393.0348258706467
729004 1372.0
729504 1435.1758793969848
730004 1372.0
730504 1407.0351758793968
731004 1407.0351758793968
731504 1407.0351758793968
732005 1400.0
732505 1420.8955223880598
733004 1385.858585858586
733504 1407.0351758793968
734004 1393.0348258706467
734504 1407.0351758793968
735005 1400.0
735504 1414.141414141414
736005 1400.0
736504 1400.0
737004 1378.894472361809
737504 1420.8955223880598
738005 1407.0351758793968
738504 1400.0
739004 1407.0351758793968
739504 1407.0351758793968
740004 1372.0
740504 1407.0351758793968
741005 1393.0348258706467
741504 1435.1758793969848
742004 1378.894472361809
742505 1400.0
742995 1400.0
743504 1406.8965517241381
744005 1372.0
744504 1435.1758793969848
745005 1400.0
745505 1400.0
746004 1407.0351758793968
746505 1400.0
747004 1372.0
747505 1400.0
748004 1407.0351758793968
748494 1407.179487179487
749004 1427.4509803921567
749504 1400.0
750005 1378.894472361809
750504 1407.0351758793968
751004 1428.0
751504 1372.0
752004 1400.0
752495 1407.179487179487
753004 1406.8965517241381
753505 1400.0
754004 1407.0351758793968
754504 1407.0351758793968
755004 1372.0
755504 1400.0
755994 1407.179487179487
756494 1400.0
757004 1400.0
757494 1407.179487179487
757994 1378.894472361809
758494 1407.0351758793968
758995 1420.8955223880598
759495 1400.0
760004 1406.8965517241381
760495 1407.179487179487
761004 1406.8965517241381
761505 1400.0
762004 1378.894472361809
762504 1400.0
763004 1428.0
763504 1378.894472361809
764004 1407.0351758793968
764504 1428.0
765005 1400.0
765505 1414.141414141414
766004 1372.0
766504 1428.0
767005 1372.0
767504 1407.0351758793968
768004 1400.0
768504 1400.0
769004 1400.0
769504 1414.141414141414
770004 1400.0
770505 1400.0
771004 1378.894472361809
771504 1428.0
772004 1393.0348258706467
772504 1392.8934010152284
773004 1393.0348258706467
773504 1407.0351758793968
774005 1435.1758793969848
774504 1372.0
775004 1400.0
775504 1407.0351758793968
776004 1372.0
776504 1428.0
777004 1385.858585858586
777504 1428.0
778004 1372.0
778494 1435.8974358974356
779004 1365.8536585365853
779504 1428.0
780004 1414.141414141414
780504 1372.0
781005 1400.0
781504 1407.0351758793968
782005 1400.0
782504 1400.0
783004 1407.0351758793968
783504 1400.0
784005 1407.0351758793968
784504 1400.0
785005 1400.0
785504 1414.141414141414
786004 1400.0
786504 1400.0
787004 1372.0
787504 1407.0351758793968
788005 1400.0
788504 1407.0351758793968
788994 1400.0
789504 1379.310344827586
790005 1400.0
790505 1400.0
791004 1407.0351758793968
791494 1407.179487179487
792004 1406.8965517241381
792504 1393.0348258706467
793004 1378.894472361809
793504 1407.0351758793968
794004 1393.0348258706467
794504 1400.0
795004 1407.0351758793968
795504 1407.0351758793968
796005 1393.0348258706467
796504 1385.858585858586
797004 1400.0
797494 1400.0
798005 1406.8965517241381
798504 1414.141414141414
799005 1393.0348258706467
799495 1400.0
800004 1406.8965517241381
800505 1400.0
801004 1414.141414141414
801504 1400.0
801994 1371.4285714285713
802504 1427.4509803921567
803004 1407.0351758793968
803504 1385.858585858586
803994 1428.5714285714287
804494 1400.0
805004 1379.310344827586
805504 1407.0351758793968
806004 1407.0351758793968
806494 1392.8934010152284
807004 1413.8613861386139
807505 1400.0
808004 1407.0351758793968
808504 1393.0348258706467
809004 1378.894472361809
809504 1435.1758793969848
810004 1372.0
810494 1407.179487179487
811005 1427.4509803921567
811504 1378.894472361809
812004 1414.141414141414
812505 1393.0348258706467
813004 1407.0351758793968
813504 1407.0351758793968
814005 1393.0348258706467
814505 1414.141414141414
815004 1400.0
815504 1400.0
816005 1372.0
816504 1435.1758793969848
817004 1400.0
817504 1378.894472361809
818005 1420.8955223880598
818504 1385.858585858586
819004 1393.0348258706467
819504 1414.141414141414
820004 1393.0348258706467
820504 1378.894472361809
821005 1435.1758793969848
821504 1407.0351758793968
822004 1372.0
822504 1428.0
823004 1407.0351758793968
823504 1365.1741293532339
824004 1414.141414141414
824504 1407.0351758793968
825004 1400.0
825504 1435.1758793969848
825995 1371.4285714285713
826504 1406.8965517241381
827005 1393.0348258706467
827504 1407.0351758793968
828005 1378.894472361809
828504 1407.0351758793968
829004 1428.0
829504 1378.894472361809
830004 1407.0351758793968
830504 1407.0351758793968
831004 1400.0
831505 1407.0351758793968
832004 1400.0
832504 1400.0
833004 1414.141414141414
833504 1365.1741293532339
834004 1435.1758793969848
834505 1407.0351758793968
835004 1372.0
835505 1420.8955223880598
835994 1371.4285714285713
836494 1414.141414141414
837004 1400.0
837504 1400.0
838004 1372.0
838505 1407.0351758793968
839004 1428.0
839505 1378.894472361809
840005 1400.0
840504 1414.141414141414
841004 1393.0348258706467
841494 1407.179487179487
842004 1400.0
842504 1400.0
843004 1407.0351758793968
843504 1378.894472361809
844005 1400.0
844504 1407.0351758793968
845005 1393.0348258706467
845504 1414.141414141414
846004 1400.0
846504 1378.894472361809
847005 1393.0348258706467
847504 1400.0
848004 1378.894472361809
848505 1400.0
849004 1400.0
849504 1407.0351758793968
850005 1372.0
850504 1400.0
851004 1400.0
851505 1400.0
852004 1400.0
852504 1378.894472361809
853005 1400.0
853504 1372.0
854004 1414.141414141414
854505 1393.0348258706467
855004 1400.0
855504 1407.0351758793968
856005 1386.1386138613861
856504 1392.8934010152284
857004 1407.0351758793968
857504 1407.0351758793968
858004 1400.0
858504 1400.0
859004 1407.0351758793968
859504 1400.0
860004 1414.141414141414
860505 1400.0
861004 1407.0351758793968
861504 1393.0348258706467
862004 1385.858585858586
862504 1400.0
863004 1407.0351758793968
863505 1386.1386138613861
864004 1378.894472361809
864504 1407.0351758793968
865004 1407.0351758793968
865504 1400.0
866004 1365.1741293532339
866504 1449.746192893401
867004 1365.1741293532339
867504 1407.0351758793968
868004 1407.0351758793968
868505 1400.0
869004 1400.0
869505 1400.0
870004 1407.0351758793968
870504 1378.894472361809
871004 1407.0351758793968
871504 1407.0351758793968
872005 1386.1386138613861
872505 1385.858585858586
873004 1435.1758793969848
873504 1400.0
874004 1372.0
874504 1400.0
875004 1400.0
875504 1400.0
876004 1407.0351758793968
876504 1378.894472361809
877004 1407.0351758793968
877505 1400.0
878004 1378.894472361809
878504 1400.0
879004 1407.0351758793968
879505 1372.0
880004 1400.0
880505 1407.0351758793968
881004 1400.0
881504 1407.0351758793968
882007 1365.1741293532339
882494 1378.4615384615383
883004 1413.8613861386139
883505 1365.1741293532339
884005 1414.141414141414
884504 1400.0
885004 1378.894472361809
885505 1428.0
886004 1393.0348258706467
886504 1407.0351758793968
887005 1372.0
887504 1407.0351758793968
888004 1400.0
888504 1407.0351758793968
889004 1435.1758793969848
889504 1372.0
889995 1435.8974358974356
890494 1378.894472361809
890994 1400.0
891494 1407.0351758793968
891994 1400.0
892505 1372.5490196078429
893004 1414.141414141414
893505 1393.0348258706467
894004 1407.0351758793968
894505 1378.894472361809
895004 1378.894472361809
895505 1400.0
896004 1400.0
896504 1407.0351758793968
897005 1393.0348258706467
897504 1407.0351758793968
898004 1372.0
898504 1407.0351758793968
899004 1393.0348258706467
899504 1372.0
900005 1400.0
900504 1407.0351758793968
901004 1372.0
901504 1428.0
902004 1372.0
902505 1414.141414141414
903004 1393.0348258706467
903504 1378.894472361809
904004 1428.0
904504 1385.858585858586
905005 1400.0
905504 1372.0
906004 1400.0
906504 1407.0351758793968
907004 1400.0
907505 1407.0351758793968
908004 1393.0348258706467
908504 1385.858585858586
909004 1400.0
909504 1400.0
910004 1407.0351758793968
910494 1371.4285714285713
910995 1428.0
911494 1392.8934010152284
911994 1393.0348258706467
912494 1414.141414141414
912994 1428.0
913494 1378.894472361809
913994 1393.0348258706467
914495 1407.0351758793968
914994 1407.0351758793968
915494 1400.0
915994 1400.0
916494 1378.894472361809
916994 1400.0
917494 1407.0351758793968
917995 1428.0
918494 1372.0
918994 1407.0351758793968
919495 1393.0348258706467
919994 1414.141414141414
920494 1407.0351758793968
920994 1400.0
921494 1400.0
921994 1407.0351758793968
922494 1365.1741293532339
922994 1414.141414141414
923494 1428.0
923994 1372.0
924494 1428.0
925004 1400.0
925504 1372.0
926004 1435.1758793969848
926504 1378.894472361809
927004 1372.0
927504 1435.1758793969848
928005 1378.894472361809
928504 1428.0
929004 1400.0
929505 1407.0351758793968
930004 1378.894472361809
930504 1420.8955223880598
931004 1400.0
931505 1385.858585858586
932004 1407.0351758793968
932504 1400.0
933004 1400.0
933504 1407.0351758793968
934005 1400.0
934494 1414.4329896907216
935005 1400.0
935504 1372.0
936004 1407.0351758793968
936504 1400.0
936994 1428.5714285714287
937494 1372.0
937994 1400.0
938494 1414.141414141414
938994 1407.0351758793968
939495 1393.0348258706467
939994 1414.141414141414
940504 1400.0
941004 1400.0
941504 1400.0
942004 1407.0351758793968
942504 1372.0
943004 1428.0
943504 1378.894472361809
944004 1400.0
944504 1393.0348258706467
945004 1414.141414141414
945504 1400.0
946004 1400.0
946504 1407.0351758793968
947004 1372.0
947504 1400.0
948004 1435.1758793969848
948504 1378.894472361809
949005 1435.1758793969848
949504 1378.894472361809
950005 1407.0351758793968
950504 1400.0
951004 1428.0
951505 1365.1741293532339
952004 1414.141414141414
952504 1407.0351758793968
953004 1407.0351758793968
953505 1365.1741293532339
954004 1435.1758793969848
954505 1400.0
955004 1378.894472361809
955504 1400.0
956004 1407.0351758793968
956504 1393.0348258706467
957004 1407.0351758793968
957504 1407.0351758793968
958004 1378.894472361809
958505 1435.1758793969848
959004 1378.894472361809
959504 1393.0348258706467
960004 1400.0
960505 1428.0
961004 1372.0
961504 1414.141414141414
962004 1407.0351758793968
962504 1400.0
963005 1378.894472361809
963504 1420.8955223880598
964004 1378.894472361809
964504 1414.141414141414
965004 1400.0
965504 1393.0348258706467
966004 1407.0351758793968
966505 1400.0
967004 1407.0351758793968
967504 1400.0
968004 1407.0351758793968
968504 1400.0
969004 1400.0
969504 1407.0351758793968
970004 1400.0
970505 1372.0
971004 1435.1758793969848
971504 1372.0
972004 1400.0
972504 1407.0351758793968
973005 1393.0348258706467
973504 1414.141414141414
974004 1393.0348258706467
974504 1378.894472361809
975004 1442.4242424242425
975505 1400.0
976004 1407.0351758793968
976505 1400.0
977004 1378.894472361809
977504 1393.0348258706467
978004 1414.141414141414
978504 1393.0348258706467
979004 1414.141414141414
979504 1400.0
980004 1393.0348258706467
980504 1378.894472361809
981004 1435.1758793969848
981504 1400.0
982004 1378.894472361809
982504 1400.0
983004 1407.0351758793968
983504 1407.0351758793968
984004 1400.0
984504 1393.0348258706467
985004 1414.141414141414
985504 1400.0
986004 1378.894472361809
986504 1400.0
987005 1407.0351758793968
987504 1407.0351758793968
988004 1400.0
988504 1378.894472361809
989004 1428.0
989504 1414.141414141414
990004 1393.0348258706467
990505 1372.0
991004 1407.0351758793968
991505 1428.0
992004 1372.0
992504 1414.141414141414
993005 1428.0
993505 1372.0
994004 1407.0351758793968
994504 1414.141414141414
995004 1365.1741293532339
995504 1407.0351758793968
996004 1393.0348258706467
996504 1407.0351758793968
997005 1400.0
997504 1365.1741293532339
998004 1378.894472361809
998504 1407.0351758793968
999004 1378.894472361809
999504 1428.0
1000005 1400.0
1000504 1372.0
1001005 1400.0
1001504 1414.141414141414
1002004 1393.0348258706467
1002504 1407.0351758793968
1003005 1400.0
1003504 1414.141414141414
1004004 1365.1741293532339
1004504 1428.0
1005004 1414.141414141414
1005504 1372.0
1006004 1428.0
1006504 1378.894472361809
1007004 1428.0
1007505 1372.0
1008004 1407.0351758793968
1008504 1407.0351758793968
1009004 1407.0351758793968
1009505 1400.0
1010004 1378.894472361809
1010505 1428.0
1011004 1378.894472361809
1011495 1435.8974358974356
1011994 1372.0
1012505 1393.170731707317
1013004 1414.141414141414
1013494 1435.8974358974356
1013995 1372.0
1014504 1400.0
1015004 1407.0351758793968
1015494 1407.179487179487
1016004 1406.8965517241381
1016504 1400.0
1017004 1400.0
1017494 1392.8934010152284
1018005 1400.0
1018504 1385.858585858586
1019004 1400.0
1019504 1407.0351758793968
1020004 1372.0
1020494 1435.8974358974356
1020995 1378.894472361809
1021504 1372.5490196078429
1021994 1400.0
1022505 1406.8965517241381
1023004 1400.0
1023504 1372.0
1023995 1407.179487179487
1024504 1379.310344827586
1025004 1435.1758793969848
1025504 1407.0351758793968
1026004 1400.0
1026504 1400.0
1027004 1407.0351758793968
1027504 1400.0
1028005 1407.0351758793968
1028504 1400.0
1029004 1378.894472361809
1029504 1400.0
1030004 1407.0351758793968
1030494 1407.179487179487
1031004 1393.170731707317
1031504 1435.1758793969848
1032004 1378.894472361809
1032504 1428.0
1033004 1400.0
1033495 1371.4285714285713
1034004 1413.8613861386139
1034504 1407.0351758793968
1035004 1400.0
1035504 1400.0
1036004 1393.0348258706467
1036504 1378.894472361809
1037004 1428.0
1037505 1385.858585858586
1038004 1400.0
1038504 1400.0
1039004 1407.0351758793968
1039504 1420.8955223880598
1040004 1407.0351758793968
1040504 1372.0
1040995 1407.179487179487
1041504 1427.4509803921567
1042004 1385.858585858586
1042504 1435.1758793969848
1043004 1365.1741293532339
1043505 1407.0351758793968
1044004 1407.0351758793968
1044504 1400.0
1045004 1400.0
1045504 1435.1758793969848
1046004 1378.894472361809
1046504 1393.0348258706467
1047004 1400.0
1047504 1414.141414141414
1048005 1393.0348258706467
1048504 1400.0
1049004 1407.0351758793968
1049504 1407.0351758793968
1050004 1407.0351758793968
1050504 1400.0
1051004 1407.0351758793968
1051504 1400.0
1052004 1407.0351758793968
1052504 1400.0
1053004 1400.0
1053504 1407.0351758793968
1054004 1400.0
1054504 1407.0351758793968
1055004 1400.0
1055504 1400.0
1056004 1407.0351758793968
1056505 1400.0
1057004 1407.0351758793968
1057505 1400.0
1058004 1414.141414141414
1058494 1407.179487179487
1058994 1400.0
1059505 1400.0
1059994 1400.0
1060494 1400.0
1060994 1393.0348258706467
1061504 1420.8955223880598
1061994 1400.0
1062504 1379.310344827586
1063004 1400.0
1063504 1400.0
1064004 1407.0351758793968
1064504 1372.0
1065004 1442.4242424242425
1065505 1365.1741293532339
1066004 1407.0351758793968
1066504 1407.0351758793968
1067004 1365.1741293532339
1067504 1400.0
1068004 1407.0351758793968
1068504 1372.0
1069004 1435.1758793969848
1069504 1385.858585858586
1070004 1393.0348258706467
1070504 1385.858585858586
1071004 1400.0
1071504 1407.0351758793968
1072004 1365.1741293532339
1072504 1407.0351758793968
1073004 1407.0351758793968
1073504 1378.894472361809
1074004 1400.0
1074504 1378.894472361809
1074994 1428.5714285714287
1075494 1378.894472361809
1076005 1400.0
1076504 1407.0351758793968
1077004 1428.0
1077504 1400.0
1077994 1378.4615384615383
1078504 1365.8536585365853
1079004 1435.1758793969848
1079504 1378.894472361809
1080004 1407.0351758793968
1080495 1392.8934010152284
1081004 1379.310344827586
1081504 1400.0
1082004 1400.0
1082504 1372.0
1083004 1378.894472361809
1083504 1400.0
1084004 1407.0351758793968
1084504 1365.1741293532339
1085004 1407.0351758793968
1085505 1393.0348258706467
1086004 1414.141414141414
1086504 1372.0
1087004 1400.0
1087504 1378.894472361809
1088004 1435.1758793969848
1088504 1365.1741293532339
1089004 1400.0
1089504 1378.894472361809
1090004 1407.0351758793968
1090504 1378.894472361809
1091005 1378.894472361809
1091504 1400.0
1092004 1400.0
1092494 1435.8974358974356
1092994 1400.0
1093504 1372.5490196078429
1094004 1407.0351758793968
1094504 1400.0
1095004 1442.4242424242425
1095504 1343.9999999999998
1096004 1428.0
1096504 1372.0
1097004 1400.0
1097504 1407.0351758793968
1097994 1407.179487179487
1098504 1400.0
1099004 1385.858585858586
1099504 1428.0
1100004 1372.0
1100504 1414.141414141414
1101004 1393.0348258706467
1101505 1407.0351758793968
1102004 1372.0
1102504 1407.0351758793968
1103005 1393.0348258706467
1103504 1442.4242424242425
1104004 1358.4158415841582
1104504 1407.0351758793968
1105004 1400.0
1105504 1407.0351758793968
1106004 1400.0
1106504 1372.0
1107004 1407.0351758793968
1107504 1428.0
1108004 1378.894472361809
1108504 1400.0
1109004 1400.0
1109504 1407.0351758793968
1109994 1400.0
1110505 1406.8965517241381
1110994 1378.4615384615383
1111504 1400.0
1112004 1400.0
1112504 1400.0
1113004 1407.0351758793968
1113504 1372.0
1114004 1428.0
1114494 1407.179487179487
1115004 1406.8965517241381
1115504 1400.0
1116004 1372.0
1116504 1421.3197969543146
1116994 1392.8934010152284
1117504 1406.8965517241381
1117994 1407.179487179487
1118504 1379.310344827586
1119004 1428.0
1119504 1372.0
1120004 1400.0
1120505 1428.0
1121004 1392.8934010152284
1121504 1400.0
1121995 1392.8934010152284
1122504 1406.8965517241381
1123004 1407.0351758793968
1123504 1400.0
1124004 1378.894472361809
1124504 1400.0
1125004 1393.0348258706467
1125494 1414.4329896907216
1126004 1400.0
1126504 1365.1741293532339
1127004 1428.0
1127504 1400.0
1128004 1385.858585858586
1128504 1393.0348258706467
1129008 1428.0
1129484 1385.2631578947367
1129994 1379.310344827586
1130494 1400.0
1131004 1427.4509803921567
1131504 1372.0
1132004 1414.141414141414
1132504 1393.0348258706467
1133004 1372.0
1133494 1407.179487179487
1134004 1427.4509803921567
1134504 1378.894472361809
1135004 1407.0351758793968
