0 0.0
501 0.0
1001 0.0
1501 0.0
2001 562.8140703517588
2491 1435.8974358974356
3001 1393.170731707317
3501 1385.858585858586
4000 1428.0
4511 1400.0
5001 1407.179487179487
5501 1378.894472361809
6001 1407.0351758793968
6501 1393.0348258706467
7001 1407.0351758793968
7501 1435.1758793969848
7991 1206.1538461538462
8501 0.0
9001 0.0
9501 0.0
10000 1119.9999999999998
10511 1296.551724137931
11001 0.0
11501 0.0
12001 0.0
12501 0.0
13001 140.7035175879397
13501 0.0
14000 0.0
14510 0.0
15011 0.0
15500 942.8571428571428
16001 1407.0351758793968
16501 1407.0351758793968
17001 1372.0
17501 1400.0
18000 1442.4242424242425
18511 1372.5490196078429
19001 1428.5714285714287
19501 1372.0
20000 1435.1758793969848
20511 1406.8965517241381
21000 1400.0
21511 1372.5490196078429
22000 1443.2989690721647
22511 1372.5490196078429
23001 1400.0
23501 1435.1758793969848
24001 1372.0
24501 1435.1758793969848
25000 1400.0
25511 1406.8965517241381
26001 1407.179487179487
26501 1372.0
27001 1407.0351758793968
27501 1407.0351758793968
28001 1400.0
28500 1435.1758793969848
29011 1400.0
29501 1371.4285714285713
30001 1407.0351758793968
30501 1407.0351758793968
31000 1435.1758793969848
31501 1365.1741293532339
32001 1421.3197969543146
32501 1393.0348258706467
33001 1407.0351758793968
33501 1428.0
34001 1372.0
34501 1414.141414141414
35001 1386.1386138613861
35501 1435.1758793969848
36000 1378.894472361809
36511 1406.8965517241381
37001 1400.0
37501 1413.8613861386139
38000 1392.8934010152284
38501 1400.0
39001 1407.0351758793968
39500 1400.0
40011 1400.0
40501 1400.0
41000 1414.141414141414
41511 1400.0
42000 1392.8934010152284
42511 1413.8613861386139
43001 1400.0
43501 1407.0351758793968
44001 1400.0
44501 1400.0
45001 1414.141414141414
45501 1393.0348258706467
46001 1407.0351758793968
46501 1407.0351758793968
47000 1378.894472361809
47511 1400.0
48000 1407.179487179487
48511 1427.4509803921567
49001 1371.4285714285713
49501 1435.1758793969848
50001 1378.894472361809
50501 1428.0
51001 1400.0
51501 1407.0351758793968
52001 1400.0
52501 1372.0
53001 1428.0
53501 1400.0
54001 1400.0
54501 1372.0
55000 1435.1758793969848
55511 1406.8965517241381
56001 1392.8934010152284
56501 1407.0351758793968
57000 1385.858585858586
57511 1427.4509803921567
58001 1400.0
58500 1407.0351758793968
59011 1393.170731707317
59501 1407.179487179487
60000 1400.0
60511 1379.310344827586
61000 1435.8974358974356
61511 1393.170731707317
62001 1407.179487179487
62500 1378.894472361809
63011 1406.8965517241381
63501 1407.179487179487
64000 1428.0
64511 1400.0
65000 1385.5670103092782
65511 1420.4878048780488
66001 1400.0
66500 1407.0351758793968
67011 1379.310344827586
67500 1407.179487179487
68011 1427.4509803921567
68501 1407.179487179487
69001 1407.0351758793968
69501 1400.0
70001 1378.894472361809
70501 1400.0
71001 1400.0
71501 1435.1758793969848
72000 1400.0
72511 1379.310344827586
73000 1435.8974358974356
73511 1372.5490196078429
74001 1435.8974358974356
74500 1400.0
75001 1378.894472361809
75501 1400.0
76001 1428.0
76501 1407.0351758793968
77001 1393.0348258706467
77501 1378.894472361809
78000 1428.0
78511 1365.8536585365853
79000 1435.8974358974356
79511 1406.8965517241381
80000 1407.179487179487
80511 1400.0
81001 1378.4615384615383
81500 1428.0
82011 1379.310344827586
82501 1400.0
83000 1400.0
83501 1414.141414141414
84001 1400.0
84501 1435.1758793969848
85001 1400.0
85501 1378.894472361809
86000 1407.0351758793968
86511 1406.8965517241381
87000 1400.0
87511 1427.4509803921567
88000 1414.4329896907216
88511 1365.8536585365853
89000 1414.4329896907216
89511 1406.8965517241381
90000 1400.0
90510 1400.0
91011 1414.141414141414
91500 1400.0
92001 1393.0348258706467
92501 1435.1758793969848
93001 1400.0
93501 1372.0
94001 1407.0351758793968
94501 1400.0
95000 1414.141414141414
95501 1407.0351758793968
96001 1428.0
96501 1372.0
97000 1407.0351758793968
97511 1400.0
98001 1435.8974358974356
98501 1400.0
99001 1378.894472361809
99501 1400.0
100001 1407.0351758793968
100500 1407.0351758793968
101001 1428.0
101500 1400.0
102010 1379.310344827586
102511 1400.0
103000 1414.4329896907216
103510 1400.0
104011 1400.0
104501 1414.4329896907216
105000 1407.0351758793968
105511 1393.170731707317
106000 1414.141414141414
106511 1400.0
107000 1407.179487179487
107511 1400.0
108001 1435.8974358974356
108491 1371.4285714285713
109001 1434.4827586206895
109501 1365.1741293532339
109991 1407.179487179487
110501 1406.8965517241381
110991 1407.179487179487
111501 1406.8965517241381
112000 1400.0
112511 1393.170731707317
113001 1407.179487179487
113501 1400.0
114001 1407.0351758793968
114491 1414.4329896907216
115001 1400.0
115491 1400.0
116000 1413.8613861386139
116511 1400.0
116991 1400.0
117501 1413.8613861386139
117991 1400.0
118500 1400.0
119001 1400.0
119500 1414.141414141414
120000 1400.0
120511 1393.170731707317
120991 1414.7368421052631
121500 1400.0
122000 1407.0351758793968
122510 1372.5490196078429
123011 1435.1758793969848
123491 1400.0
124000 1406.8965517241381
124500 1407.0351758793968
125010 1406.8965517241381
125500 1414.4329896907216
126000 1400.0
126510 1393.170731707317
127011 1407.0351758793968
127501 1400.0
128000 1414.141414141414
128501 1400.0
129001 1400.0
129501 1400.0
130001 1414.141414141414
130491 1400.0
131001 1372.5490196078429
131501 1435.1758793969848
131991 1400.0
132490 1414.141414141414
133010 1406.7632850241546
133511 1393.0348258706467
133991 1407.329842931937
134500 1372.5490196078429
135000 1428.0
135501 1400.0
136001 1407.0351758793968
136491 1407.179487179487
137000 1400.0
137511 1372.5490196078429
137991 1436.6492146596856
138501 1400.0
138990 1407.179487179487
139501 1400.0
140000 1407.0351758793968
140501 1407.0351758793968
141001 1365.1741293532339
141501 1435.1758793969848
142000 1407.0351758793968
142511 1400.0
143001 1407.179487179487
143501 1400.0
144001 1407.0351758793968
144501 1400.0
145001 1378.894472361809
145500 1407.0351758793968
146011 1427.4509803921567
146501 1400.0
147001 1378.894472361809
147501 1400.0
148001 1414.141414141414
148501 1428.0
149001 1372.0
149501 1407.0351758793968
150001 1435.1758793969848
150500 1407.0351758793968
151010 1400.0
151511 1407.0351758793968
152001 1407.179487179487
152501 1407.0351758793968
153011 1393.170731707317
153501 1414.4329896907216
154000 1372.0
154501 1428.0
155000 1400.0
155500 1407.0351758793968
156010 1379.310344827586
156501 1435.8974358974356
157010 1406.8965517241381
157501 1378.4615384615383
158011 1400.0
158511 1428.0
159001 1407.179487179487
159501 1378.894472361809
160001 1393.0348258706467
160491 1407.179487179487
161001 1434.4827586206895
161491 1371.4285714285713
162001 1441.5841584158416
162491 1371.4285714285713
163001 1400.0
163501 1435.1758793969848
164001 1407.0351758793968
164501 1372.0
165001 1393.0348258706467
165491 1407.179487179487
166000 1406.8965517241381
166500 1400.0
167010 1434.4827586206895
167511 1400.0
167990 1370.833333333333
168511 1433.816425120773
168991 1400.0
169510 1406.7632850241546
170000 1400.0
170511 1372.5490196078429
170991 1444.2105263157896
171501 1372.5490196078429
171990 1443.2989690721647
172511 1393.3014354066984
172990 1407.329842931937
173510 1406.7632850241546
174000 1400.0
174511 1379.310344827586
175001 1400.0
175510 1400.0
176011 1428.0
176491 1400.0
177000 1379.310344827586
177511 1406.8965517241381
177991 1429.1666666666665
178501 1413.8613861386139
178991 1400.0
179501 1379.310344827586
179991 1407.179487179487
180501 1400.0
180991 1428.5714285714287
181501 1386.1386138613861
181991 1428.5714285714287
182501 1400.0
182991 1371.4285714285713
183511 1433.816425120773
184000 1364.467005076142
184501 1442.4242424242425
185010 1393.170731707317
185511 1372.0
186011 1435.1758793969848
186500 1364.467005076142
187011 1413.8613861386139
187500 1400.0
188011 1400.0
188501 1407.179487179487
189010 1406.8965517241381
189511 1400.0
190001 1400.0
190500 1407.0351758793968
191011 1406.8965517241381
191500 1400.0
192011 1406.8965517241381
192500 1400.0
193011 1400.0
193500 1414.4329896907216
194011 1427.4509803921567
194501 1400.0
195010 1379.310344827586
195511 1400.0
196001 1407.179487179487
196510 1400.0
197011 1407.0351758793968
197500 1400.0
198011 1400.0
198500 1414.4329896907216
199011 1400.0
199500 1400.0
200000 1400.0
200511 1406.8965517241381
200991 1400.0
201491 1407.0351758793968
202001 1406.8965517241381
202501 1435.1758793969848
203010 1379.310344827586
203511 1393.0348258706467
204011 1407.0351758793968
204501 1400.0
205010 1413.8613861386139
205511 1400.0
206011 1393.0348258706467
206501 1414.4329896907216
207010 1400.0
207511 1400.0
208001 1407.179487179487
208500 1386.1386138613861
209001 1421.3197969543146
209500 1407.0351758793968
210010 1406.8965517241381
210511 1393.0348258706467
211001 1414.4329896907216
211510 1400.0
212011 1400.0
212500 1421.761658031088
213011 1393.170731707317
213491 1407.329842931937
213990 1407.0351758793968
214510 1400.0
215000 1414.4329896907216
215501 1400.0
215990 1407.179487179487
216511 1400.0
216991 1407.329842931937
217500 1400.0
218000 1407.0351758793968
218510 1400.0
219000 1414.4329896907216
219511 1400.0
220001 1400.0
220491 1400.0
220990 1400.0
221510 1413.5922330097087
222011 1407.0351758793968
222500 1400.0
223011 1393.170731707317
223501 1407.179487179487
224011 1400.0
224511 1407.0351758793968
225000 1407.179487179487
225510 1379.310344827586
226011 1428.0
226501 1400.0
227011 1406.8965517241381
227501 1400.0
228010 1406.8965517241381
228511 1400.0
229001 1414.4329896907216
229510 1372.5490196078429
230011 1428.0
230501 1400.0
231010 1406.8965517241381
231511 1407.0351758793968
232001 1364.467005076142
232511 1441.5841584158416
233000 1400.0
233510 1406.8965517241381
234011 1378.894472361809
234501 1421.3197969543146
235000 1407.0351758793968
235511 1406.8965517241381
236001 1407.179487179487
236500 1400.0
237011 1400.0
237500 1407.179487179487
238011 1406.8965517241381
238501 1371.4285714285713
239000 1428.0
239511 1413.8613861386139
240001 1371.4285714285713
240500 1428.0
241011 1400.0
241500 1400.0
242011 1379.310344827586
242501 1449.746192893401
243001 1385.858585858586
243501 1378.894472361809
244000 1435.1758793969848
244511 1379.310344827586
244991 1421.761658031088
245501 1379.310344827586
246001 1435.1758793969848
246500 1378.894472361809
247011 1427.4509803921567
247501 1414.4329896907216
248011 1372.5490196078429
248511 1420.8955223880598
249000 1414.4329896907216
249510 1400.0
250011 1372.0
250500 1435.8974358974356
251011 1372.5490196078429
251501 1428.5714285714287
252010 1372.5490196078429
252511 1420.8955223880598
253000 1414.4329896907216
253510 1379.310344827586
254011 1400.0
254501 1435.8974358974356
255000 1407.0351758793968
255511 1379.310344827586
256001 1428.5714285714287
256500 1407.0351758793968
257011 1400.0
257500 1407.179487179487
258011 1406.8965517241381
258501 1400.0
259000 1400.0
259511 1400.0
260001 1414.4329896907216
260510 1406.8965517241381
261011 1407.0351758793968
261510 1400.0
262011 1407.0351758793968
262501 1392.746113989637
263000 1413.8613861386139
263511 1420.8955223880598
264000 1400.0
264510 1406.8965517241381
265011 1378.894472361809
265500 1414.4329896907216
266011 1441.5841584158416
266501 1378.4615384615383
267010 1406.8965517241381
267511 1435.1758793969848
268000 1407.179487179487
268511 1406.8965517241381
269000 1392.8934010152284
269510 1406.8965517241381
270011 1378.894472361809
270501 1428.5714285714287
271001 1414.141414141414
271501 1365.1741293532339
272010 1406.8965517241381
272511 1428.0
273001 1400.0
273510 1379.310344827586
274011 1407.0351758793968
274501 1400.0
275010 1441.5841584158416
275511 1378.894472361809
276001 1435.8974358974356
276501 1378.894472361809
277011 1406.8965517241381
277511 1407.0351758793968
277991 1407.329842931937
278501 1406.8965517241381
279000 1407.0351758793968
279510 1434.4827586206895
280011 1378.894472361809
280500 1407.179487179487
281011 1406.8965517241381
281501 1407.179487179487
282011 1393.170731707317
282501 1392.8934010152284
283001 1414.141414141414
283510 1400.0
284011 1414.141414141414
284500 1428.5714285714287
285010 1372.5490196078429
285511 1414.141414141414
286010 1393.0348258706467
286511 1400.0
287001 1428.5714285714287
287501 1407.0351758793968
288001 1372.0
288511 1427.4509803921567
289001 1378.4615384615383
289500 1393.0348258706467
290010 1413.8613861386139
290511 1400.0
291001 1400.0
291501 1435.1758793969848
292000 1378.894472361809
292511 1393.170731707317
293001 1443.2989690721647
293500 1372.0
294010 1406.8965517241381
294511 1407.0351758793968
295000 1407.179487179487
295510 1420.4878048780488
296010 1378.894472361809
296511 1407.0351758793968
297001 1400.0
297500 1400.0
298001 1414.141414141414
298500 1400.0
299011 1400.0
299501 1407.179487179487
300000 1400.0
300510 1406.8965517241381
301010 1407.0351758793968
301511 1407.0351758793968
302001 1407.179487179487
302501 1400.0
303001 1400.0
303501 1435.1758793969848
304010 1365.8536585365853
304511 1400.0
305001 1407.179487179487
305501 1407.0351758793968
306001 1393.0348258706467
306500 1435.1758793969848
307011 1372.5490196078429
307501 1414.4329896907216
308000 1393.0348258706467
308511 1406.8965517241381
309001 1407.179487179487
309500 1407.0351758793968
310011 1434.4827586206895
310510 1400.0
311011 1372.0
311501 1400.0
312001 1407.0351758793968
312500 1407.0351758793968
313010 1406.8965517241381
313511 1400.0
314001 1407.179487179487
314500 1400.0
315001 1407.0351758793968
315491 1400.0
316001 1406.8965517241381
316510 1406.8965517241381
317010 1393.0348258706467
317511 1414.141414141414
318000 1400.0
318511 1406.8965517241381
319000 1400.0
319511 1406.8965517241381
320000 1400.0
320511 1400.0
321001 1392.8934010152284
321500 1414.141414141414
322010 1406.8965517241381
322511 1400.0
323000 1400.0
323511 1400.0
324000 1414.4329896907216
324511 1393.170731707317
325001 1407.179487179487
325500 1407.0351758793968
326010 1406.8965517241381
326511 1393.0348258706467
327001 1407.179487179487
327501 1407.0351758793968
328010 1400.0
328511 1407.0351758793968
329001 1400.0
329510 1400.0
330011 1400.0
330500 1407.179487179487
331010 1406.8965517241381
331511 1407.0351758793968
332000 1392.8934010152284
332511 1400.0
333001 1407.179487179487
333510 1406.8965517241381
334011 1400.0
334501 1378.4615384615383
335010 1434.4827586206895
335511 1400.0
336001 1371.4285714285713
336501 1435.1758793969848
337001 1414.141414141414
337510 1393.170731707317
338011 1407.0351758793968
338500 1407.179487179487
339010 1400.0
339511 1400.0
340000 1385.5670103092782
340511 1434.4827586206895
341000 1400.0
341511 1406.8965517241381
342001 1400.0
342510 1379.310344827586
343011 1435.1758793969848
343500 1400.0
344011 1400.0
344500 1443.2989690721647
345011 1365.8536585365853
345511 1400.0
346001 1414.4329896907216
346500 1407.0351758793968
347011 1372.5490196078429
347500 1435.8974358974356
348011 1400.0
348500 1407.179487179487
349011 1400.0
349501 1407.179487179487
350011 1406.8965517241381
350510 1378.894472361809
351011 1400.0
351510 1407.0351758793968
352011 1428.0
352501 1407.179487179487
353001 1407.0351758793968
353501 1400.0
354010 1406.8965517241381
354511 1407.0351758793968
355000 1392.8934010152284
355510 1413.8613861386139
356011 1400.0
356501 1378.4615384615383
357001 1400.0
357500 1428.0
358010 1386.1386138613861
358511 1400.0
359001 1400.0
359510 1400.0
360011 1428.0
360501 1407.179487179487
361001 1372.0
361500 1442.4242424242425
362010 1372.5490196078429
362511 1428.0
363000 1407.179487179487
363511 1372.5490196078429
364000 1435.8974358974356
364511 1400.0
365001 1407.179487179487
365510 1400.0
366010 1407.0351758793968
366511 1400.0
367010 1414.141414141414
367510 1400.0
368011 1372.0
368511 1400.0
369000 1414.4329896907216
369511 1393.170731707317
370001 1435.8974358974356
370500 1378.894472361809
371010 1427.4509803921567
371511 1407.0351758793968
372000 1371.4285714285713
372511 1400.0
373000 1435.8974358974356
373511 1400.0
374001 1400.0
374510 1413.8613861386139
375011 1378.894472361809
375500 1435.8974358974356
376011 1393.170731707317
376501 1407.179487179487
377010 1379.310344827586
377511 1400.0
378001 1407.179487179487
378500 1428.0
379011 1427.4509803921567
379501 1378.4615384615383
380000 1407.0351758793968
380511 1372.5490196078429
381001 1443.2989690721647
381501 1393.0348258706467
382001 1407.0351758793968
382500 1414.141414141414
383011 1393.170731707317
383501 1371.4285714285713
384010 1413.8613861386139
384511 1428.0
385000 1400.0
385511 1406.8965517241381
386001 1378.4615384615383
386500 1428.0
387011 1372.5490196078429
387501 1400.0
388001 1407.0351758793968
388500 1428.0
389010 1379.310344827586
389511 1400.0
390001 1400.0
390511 1434.4827586206895
391001 1407.179487179487
391510 1372.5490196078429
392011 1393.0348258706467
392500 1414.4329896907216
393011 1406.8965517241381
393501 1400.0
394010 1406.8965517241381
394511 1428.0
395000 1414.4329896907216
395510 1393.170731707317
396011 1378.894472361809
396501 1428.5714285714287
397001 1378.894472361809
397501 1428.0
398010 1379.310344827586
398511 1435.1758793969848
399001 1400.0
399501 1378.894472361809
400001 1400.0
400511 1400.0
401001 1443.2989690721647
401510 1372.5490196078429
402011 1400.0
402501 1407.179487179487
403011 1400.0
403501 1414.4329896907216
404000 1420.8955223880598
404511 1379.310344827586
405001 1407.179487179487
405510 1400.0
406011 1428.0
406501 1407.179487179487
407010 1379.310344827586
407511 1400.0
408000 1407.179487179487
408511 1400.0
409001 1392.8934010152284
409511 1400.0
410001 1414.4329896907216
410501 1400.0
411011 1400.0
411501 1435.8974358974356
412001 1372.0
412511 1400.0
413001 1407.179487179487
413510 1400.0
414011 1407.0351758793968
414501 1400.0
415011 1406.8965517241381
415501 1407.179487179487
416001 1400.0
416511 1427.4509803921567
417001 1378.4615384615383
417511 1400.0
418001 1407.179487179487
418501 1407.0351758793968
419010 1406.8965517241381
419511 1393.0348258706467
420001 1400.0
420510 1406.8965517241381
421011 1435.1758793969848
421501 1407.179487179487
421991 1364.467005076142
422501 1406.8965517241381
423010 1406.8965517241381
423510 1400.0
424011 1400.0
424501 1407.179487179487
425010 1406.8965517241381
425511 1400.0
426000 1400.0
426501 1407.0351758793968
427000 1400.0
427501 1407.0351758793968
428001 1407.0351758793968
428511 1393.170731707317
429011 1407.0351758793968
429491 1407.329842931937
430011 1406.7632850241546
430510 1400.0
431011 1407.0351758793968
431491 1400.0
431991 1400.0
432501 1400.0
433001 1407.0351758793968
433491 1407.179487179487
434011 1393.3014354066984
434511 1407.0351758793968
435001 1407.179487179487
435511 1400.0
436010 1393.0348258706467
436511 1407.0351758793968
437001 1407.179487179487
437500 1400.0
438010 1400.0
438511 1407.0351758793968
439001 1407.179487179487
439501 1407.0351758793968
440000 1400.0
440511 1400.0
441001 1378.4615384615383
441500 1400.0
442001 1435.1758793969848
442501 1400.0
443010 1406.8965517241381
443510 1407.0351758793968
444011 1372.0
444510 1435.1758793969848
445011 1400.0
445501 1378.4615384615383
446000 1435.1758793969848
446511 1393.170731707317
447001 1435.8974358974356
447511 1386.1386138613861
448010 1372.0
448511 1420.8955223880598
449001 1414.4329896907216
449500 1400.0
450010 1400.0
450511 1407.0351758793968
451011 1400.0
451501 1414.4329896907216
452010 1393.170731707317
452510 1414.141414141414
453011 1400.0
453501 1407.179487179487
454011 1406.8965517241381
454510 1372.0
455011 1428.0
455501 1407.179487179487
456000 1372.0
456510 1406.8965517241381
457011 1435.1758793969848
457500 1400.0
458010 1400.0
458501 1400.0
459010 1413.8613861386139
459511 1372.0
460001 1421.3197969543146
460491 1407.179487179487
461001 1379.310344827586
461501 1435.1758793969848
462001 1372.0
462500 1435.1758793969848
463010 1406.8965517241381
463501 1400.0
464000 1372.0
464510 1434.4827586206895
465011 1400.0
465501 1407.179487179487
466010 1372.5490196078429
466511 1400.0
467000 1435.8974358974356
467510 1400.0
468011 1407.0351758793968
468501 1414.4329896907216
469000 1372.0
469511 1427.4509803921567
470001 1407.179487179487
470500 1400.0
471010 1400.0
471511 1400.0
472001 1400.0
472511 1406.8965517241381
473011 1372.0
473501 1435.8974358974356
474010 1372.5490196078429
474501 1428.5714285714287
475000 1414.141414141414
475501 1407.0351758793968
475991 1400.0
476501 1393.170731707317
477000 1385.858585858586
477501 1428.0
477991 1400.0
478500 1386.1386138613861
479001 1400.0
479501 1428.0
479991 1407.179487179487
480501 1379.310344827586
480991 1449.746192893401
481491 1357.5757575757575
482001 1400.0
482510 1406.8965517241381
483011 1428.0
483510 1407.0351758793968
484011 1372.0
484501 1435.8974358974356
485000 1365.1741293532339
485511 1406.8965517241381
486000 1407.179487179487
486511 1400.0
487000 1443.2989690721647
487511 1379.310344827586
488000 1400.0
488510 1406.8965517241381
489011 1400.0
489500 1428.5714285714287
490011 1379.310344827586
490500 1407.179487179487
491011 1427.4509803921567
491500 1371.4285714285713
492011 1400.0
492501 1428.5714285714287
493000 1407.0351758793968
493511 1406.8965517241381
494000 1400.0
494511 1379.310344827586
495000 1428.5714285714287
495510 1379.310344827586
496011 1400.0
496500 1435.8974358974356
497011 1400.0
497500 1378.4615384615383
498010 1400.0
498511 1400.0
499000 1414.4329896907216
499511 1427.4509803921567
500000 1378.4615384615383
500510 1434.4827586206895
501011 1372.0
501510 1407.0351758793968
502011 1400.0
502500 1407.179487179487
503010 1393.170731707317
503511 1435.1758793969848
504001 1378.4615384615383
504501 1435.1758793969848
505010 1379.310344827586
505511 1393.0348258706467
506010 1407.0351758793968
506511 1407.0351758793968
507000 1400.0
507511 1427.4509803921567
508000 1407.179487179487
508510 1379.310344827586
509011 1400.0
509510 1407.0351758793968
510011 1400.0
510500 1407.179487179487
511011 1434.4827586206895
511500 1371.4285714285713
512011 1406.8965517241381
512501 1407.179487179487
513000 1393.0348258706467
513511 1406.8965517241381
514001 1400.0
514501 1407.0351758793968
515001 1428.0
515510 1372.5490196078429
516000 1400.0
516510 1413.8613861386139
517011 1393.0348258706467
517501 1435.8974358974356
518001 1372.0
518500 1414.141414141414
519011 1427.4509803921567
519490 1378.0104712041884
520011 1400.0
520511 1407.0351758793968
521000 1400.0
521510 1406.8965517241381
522010 1407.0351758793968
522511 1400.0
523001 1400.0
523511 1406.8965517241381
524011 1428.0
524500 1378.4615384615383
525011 1400.0
525501 1407.179487179487
526001 1407.0351758793968
526501 1400.0
527011 1400.0
527510 1407.0351758793968
528010 1400.0
