0 700.0
507 1414.141414141414
1007 1372.0
1506 1159.5959595959596
2007 0.0
2506 534.6733668341708
3007 531.9999999999999
3507 0.0
4007 0.0
4506 84.42211055276381
5007 0.0
5507 478.3919597989949
6007 1407.0351758793968
6507 1393.0348258706467
7007 1414.141414141414
7507 1393.0348258706467
8007 1414.141414141414
8507 1372.0
9007 1400.0
9507 1378.894472361809
10007 1393.0348258706467
10506 1414.141414141414
11007 1372.0
11506 1420.8955223880598
12007 1400.0
12506 1372.0
13007 1435.1758793969848
13507 1378.894472361809
14006 1378.894472361809
14506 1393.0348258706467
15006 1414.141414141414
15506 1393.0348258706467
16007 1400.0
16507 1372.0
17007 1407.0351758793968
17506 1435.1758793969848
18007 1393.0348258706467
18507 1378.894472361809
19007 1400.0
19507 1400.0
20007 1442.4242424242425
20507 1400.0
21006 1378.894472361809
21508 1435.1758793969848
22007 1365.1741293532339
22507 1435.1758793969848
23007 1372.0
23506 1428.0
24006 1407.0351758793968
24507 1400.0
25007 1378.894472361809
25507 1407.0351758793968
26007 1407.0351758793968
26506 1400.0
27007 1393.0348258706467
27507 1407.0351758793968
28007 1407.0351758793968
28506 1372.0
29007 1420.8955223880598
29507 1385.858585858586
30007 1400.0
30506 1400.0
31007 1400.0
31507 1414.141414141414
32007 1400.0
32506 1393.0348258706467
33007 1400.0
33506 1407.0351758793968
34007 1400.0
34497 1371.4285714285713
35007 1427.4509803921567
35496 1414.4329896907216
36007 1400.0
36507 1393.0348258706467
37007 1414.141414141414
37507 1400.0
38007 1393.0348258706467
38507 1407.0351758793968
38997 1407.179487179487
39507 1393.170731707317
39997 1414.4329896907216
40507 1365.8536585365853
40996 1414.4329896907216
41507 1427.4509803921567
41997 1400.0
42507 1400.0
42996 1371.4285714285713
43507 1434.4827586206895
43996 1407.179487179487
44506 1372.5490196078429
44997 1428.5714285714287
45507 1393.170731707317
45997 1400.0
46507 1406.8965517241381
46996 1407.179487179487
47506 1393.170731707317
47997 1400.0
48507 1379.310344827586
48996 1435.8974358974356
49506 1372.5490196078429
49997 1407.179487179487
50507 1427.4509803921567
50996 1371.4285714285713
51506 1413.8613861386139
51997 1428.5714285714287
52507 1365.8536585365853
52997 1435.8974358974356
53507 1372.5490196078429
53997 1407.179487179487
54507 1406.8965517241381
54996 1400.0
55507 1427.4509803921567
55997 1400.0
56507 1386.1386138613861
56996 1428.5714285714287
57507 1400.0
57997 1392.8934010152284
58506 1406.8965517241381
58997 1378.4615384615383
59507 1427.4509803921567
59997 1392.8934010152284
60507 1413.8613861386139
60997 1400.0
61507 1400.0
61996 1364.467005076142
62507 1434.4827586206895
62997 1392.8934010152284
63507 1379.310344827586
63997 1400.0
64507 1427.4509803921567
64996 1407.179487179487
65506 1400.0
65997 1371.4285714285713
66507 1434.4827586206895
66996 1371.4285714285713
67506 1434.4827586206895
67997 1371.4285714285713
68507 1434.4827586206895
68996 1364.467005076142
69506 1413.8613861386139
69997 1400.0
70507 1427.4509803921567
70996 1378.4615384615383
71507 1400.0
71996 1400.0
72507 1406.8965517241381
72996 1435.8974358974356
73497 1393.0348258706467
74006 1406.8965517241381
74497 1371.4285714285713
75007 1400.0
75497 1435.8974358974356
76006 1379.310344827586
76506 1400.0
76997 1400.0
77507 1406.8965517241381
77997 1428.5714285714287
78506 1372.5490196078429
78997 1435.8974358974356
79507 1400.0
79996 1407.179487179487
80507 1372.5490196078429
80997 1428.5714285714287
81506 1400.0
81997 1414.4329896907216
82507 1365.8536585365853
83007 1407.0351758793968
83496 1428.5714285714287
84006 1379.310344827586
84506 1393.0348258706467
84997 1435.8974358974356
85507 1400.0
85996 1378.4615384615383
86506 1400.0
86997 1421.3197969543146
87507 1406.8965517241381
87996 1378.4615384615383
88507 1400.0
88997 1400.0
89506 1400.0
89997 1428.5714285714287
90507 1372.5490196078429
90996 1443.2989690721647
91506 1372.5490196078429
91997 1400.0
92507 1427.4509803921567
92997 1407.179487179487
93506 1379.310344827586
93997 1392.8934010152284
94507 1434.4827586206895
95007 1372.0
95496 1407.179487179487
95997 1393.0348258706467
96507 1406.8965517241381
96996 1400.0
97507 1413.8613861386139
97997 1428.5714285714287
98507 1400.0
99007 1372.0
99497 1407.179487179487
100007 1406.8965517241381
100497 1392.8934010152284
101006 1434.4827586206895
101507 1407.0351758793968
101997 1400.0
102507 1372.5490196078429
102997 1428.5714285714287
103507 1406.8965517241381
104007 1400.0
104507 1400.0
104996 1400.0
105506 1372.5490196078429
105997 1400.0
106507 1413.8613861386139
107007 1428.0
107496 1371.4285714285713
108007 1406.8965517241381
108496 1400.0
108996 1407.0351758793968
109507 1400.0
110007 1428.0
110497 1364.467005076142
111007 1406.8965517241381
111496 1407.179487179487
111997 1393.0348258706467
112506 1413.8613861386139
112996 1428.5714285714287
113507 1400.0
113997 1378.4615384615383
114506 1434.4827586206895
115006 1365.1741293532339
115506 1435.1758793969848
116006 1372.0
116497 1400.0
116997 1400.0
117506 1413.8613861386139
117997 1400.0
118507 1400.0
118996 1414.4329896907216
119506 1420.4878048780488
119997 1407.179487179487
120507 1379.310344827586
120996 1392.8934010152284
121506 1427.4509803921567
