0 329.4117647058824
469 4375.0
968 4479.999999999999
1469 5263.999999999999
1969 5263.999999999999
2469 5371.428571428571
2969 5160.7843137254895
3469 4928.0
3969 5371.428571428571
4468 1791.9999999999998
4969 0.0
5469 0.0
5969 0.0
6469 768.6274509803922
6968 0.0
7469 0.0
7968 0.0
8469 2305.882352941176
8968 5263.999999999999
9469 5257.142857142857
9968 5270.588235294118
10469 5040.0
10969 5263.999999999999
11469 5263.999999999999
11969 5485.714285714285
12469 5152.0
12969 5050.980392156863
13469 5263.999999999999
13968 5263.999999999999
14468 5263.999999999999
14968 5263.999999999999
15468 5485.714285714285
15969 5375.999999999999
16469 5160.7843137254895
16969 5485.714285714285
17469 5270.588235294118
17969 5375.999999999999
18468 5485.714285714285
18969 5160.7843137254895
19468 5160.7843137254895
19969 5375.999999999999
20469 5263.999999999999
20968 5371.428571428571
21469 1343.9999999999998
21969 0.0
22468 0.0
22968 0.0
23469 4342.857142857142
23968 5263.999999999999
24469 5263.999999999999
24969 5485.714285714285
25469 5152.0
25969 3919.9999999999995
26468 0.0
26969 0.0
27469 0.0
27968 0.0
28468 0.0
28969 685.7142857142857
29469 0.0
29969 0.0
30469 0.0
30969 0.0
31469 0.0
31969 3966.666666666667
32468 5270.588235294118
32968 5371.428571428571
33468 5263.999999999999
33969 5270.588235294118
34469 5375.999999999999
34969 5263.999999999999
35469 5375.999999999999
35969 5371.428571428571
36469 5380.392156862745
36969 5371.428571428571
37468 5270.588235294118
37969 5485.714285714285
38469 5263.999999999999
38968 5270.588235294118
39469 5263.999999999999
39969 5375.999999999999
40468 5375.999999999999
40968 5371.428571428571
41469 5375.999999999999
41969 5380.392156862745
42469 5371.428571428571
42969 5375.999999999999
43469 5375.999999999999
43968 5270.588235294118
44468 5263.999999999999
44969 5371.428571428571
45469 5160.7843137254895
45968 5371.428571428571
46468 5263.999999999999
46968 5488.0
47469 5160.7843137254895
47969 5375.999999999999
48469 5375.999999999999
48969 5263.999999999999
49468 5263.999999999999
49968 5371.428571428571
50468 5270.588235294118
50969 5485.714285714285
51468 5263.999999999999
51969 5488.0
52468 5270.588235294118
52968 5263.999999999999
53469 5600.0
53968 5160.7843137254895
54468 5371.428571428571
54969 5375.999999999999
55469 5488.0
55969 5263.999999999999
56468 5270.588235294118
56968 5600.0
57468 5270.588235294118
57969 5263.999999999999
58468 5375.999999999999
58968 5485.714285714285
59468 5270.588235294118
59969 5485.714285714285
60468 5152.0
60968 5380.392156862745
61469 5371.428571428571
61969 5375.999999999999
62468 5263.999999999999
62969 5263.999999999999
63469 5375.999999999999
63969 5375.999999999999
64468 5263.999999999999
64969 5270.588235294118
65469 5375.999999999999
65969 5263.999999999999
66469 5263.999999999999
66969 5600.0
67469 5263.999999999999
67968 5263.999999999999
68468 5488.0
68969 5050.980392156863
69469 3695.9999999999995
69969 5371.428571428571
70468 5152.0
70968 5270.588235294118
71469 5142.857142857142
71969 5263.999999999999
72469 5152.0
72968 5263.999999999999
73468 5152.0
73968 5263.999999999999
74469 5160.7843137254895
74968 5485.714285714285
75468 5270.588235294118
75968 5152.0
76468 5263.999999999999
76968 5375.999999999999
77468 5600.0
77969 5375.999999999999
78468 5263.999999999999
78968 5160.7843137254895
79469 5488.0
79969 5263.999999999999
80469 5488.0
80968 5263.999999999999
81468 5375.999999999999
81969 5488.0
82469 5371.428571428571
82968 5375.999999999999
83468 5160.7843137254895
83969 5375.999999999999
84468 5263.999999999999
84968 5371.428571428571
85469 5160.7843137254895
85968 5485.714285714285
86468 5270.588235294118
86968 5375.999999999999
87468 5485.714285714285
87968 5270.588235294118
88469 5375.999999999999
88969 5263.999999999999
89468 5600.0
89968 5270.588235294118
90469 5371.428571428571
90969 5270.588235294118
91469 5485.714285714285
91968 5375.999999999999
92469 5270.588235294118
92969 5485.714285714285
93469 5263.999999999999
93968 5050.980392156863
94469 5600.0
94969 5152.0
95469 5270.588235294118
95968 5371.428571428571
96468 5270.588235294118
96969 5485.714285714285
97469 5488.0
97969 5270.588235294118
98469 5375.999999999999
98969 5263.999999999999
99469 5488.0
99968 5488.0
100468 5371.428571428571
100969 5375.999999999999
101469 5270.588235294118
101969 5375.999999999999
102469 5485.714285714285
102969 5270.588235294118
103468 5263.999999999999
103968 5488.0
104469 5600.0
104969 5263.999999999999
105469 5270.588235294118
105968 5371.428571428571
106468 5488.0
106969 5270.588235294118
107469 5485.714285714285
107969 5375.999999999999
108468 5375.999999999999
108968 5375.999999999999
109468 5270.588235294118
109969 5600.0
110469 5160.7843137254895
110968 5485.714285714285
111469 5152.0
111968 5263.999999999999
112468 5375.999999999999
112968 5375.999999999999
113468 5160.7843137254895
113969 5488.0
114469 5488.0
114968 5375.999999999999
115468 5371.428571428571
115968 5270.588235294118
116469 5488.0
116969 5375.999999999999
117468 5375.999999999999
117969 5488.0
118468 5485.714285714285
118969 5160.7843137254895
119469 5488.0
119968 5263.999999999999
120468 5257.142857142857
120968 5375.999999999999
121468 5375.999999999999
121969 5263.999999999999
122469 5270.588235294118
122969 5375.999999999999
123469 5371.428571428571
123968 5375.999999999999
124468 5270.588235294118
124969 5375.999999999999
125469 5375.999999999999
125968 5263.999999999999
126468 5600.0
126968 5375.999999999999
127468 5263.999999999999
127968 5270.588235294118
128469 5488.0
128968 5371.428571428571
129468 5488.0
129968 5375.999999999999
130469 5160.7843137254895
130968 5488.0
131468 5263.999999999999
131968 5488.0
132468 5371.428571428571
132968 5380.392156862745
133468 5371.428571428571
133968 5600.0
134468 5270.588235294118
134969 5488.0
135468 5485.714285714285
135968 5160.7843137254895
136468 5600.0
136968 5375.999999999999
137468 5488.0
137968 5488.0
138469 5375.999999999999
138968 5263.999999999999
139469 5380.392156862745
139969 5375.999999999999
140469 5488.0
140969 5263.999999999999
141469 5485.714285714285
141969 5270.588235294118
142469 5600.0
142968 5375.999999999999
143468 5380.392156862745
143968 5375.999999999999
144469 5375.999999999999
144969 5488.0
145469 5375.999999999999
145969 5375.999999999999
146469 5485.714285714285
146969 5263.999999999999
147469 5380.392156862745
147968 5375.999999999999
148468 5485.714285714285
148969 5375.999999999999
149468 5152.0
149969 5488.0
150469 5380.392156862745
150969 5375.999999999999
151468 5263.999999999999
151968 5485.714285714285
152469 5488.0
152969 5270.588235294118
153469 5485.714285714285
153969 5488.0
154469 5488.0
154968 5263.999999999999
155468 5375.999999999999
155968 5270.588235294118
156468 4479.999999999999
156968 5028.571428571428
157469 5488.0
157969 5375.999999999999
158469 5375.999999999999
158969 5160.7843137254895
159469 5488.0
159969 5600.0
160469 5375.999999999999
160968 5160.7843137254895
161468 5488.0
161968 5485.714285714285
162469 5375.999999999999
162969 5488.0
163469 5375.999999999999
163969 5380.392156862745
164469 5375.999999999999
164968 5485.714285714285
165468 5050.980392156863
165969 5371.428571428571
166468 5270.588235294118
166969 5485.714285714285
167469 5488.0
167968 5270.588235294118
168469 5263.999999999999
168969 5485.714285714285
169469 5488.0
169969 5375.999999999999
170469 5380.392156862745
170968 5600.0
171469 5263.999999999999
171969 5160.7843137254895
172469 5257.142857142857
172968 5488.0
173468 5160.7843137254895
173968 5485.714285714285
174468 5270.588235294118
174968 5600.0
175468 5380.392156862745
175968 5375.999999999999
176468 5375.999999999999
176968 5488.0
177468 5600.0
177968 5263.999999999999
178468 5375.999999999999
178969 5270.588235294118
179469 5488.0
179969 5600.0
180468 5375.999999999999
180968 5380.392156862745
181468 5600.0
181968 5160.7843137254895
182469 5263.999999999999
182969 5600.0
183469 5270.588235294118
183969 5488.0
184469 5375.999999999999
184969 5600.0
185468 5488.0
185968 5375.999999999999
186468 5270.588235294118
186969 5375.999999999999
187469 5488.0
187968 5375.999999999999
188469 5485.714285714285
188969 5375.999999999999
189469 5375.999999999999
189969 5375.999999999999
190469 5375.999999999999
190969 5600.0
191469 5263.999999999999
191969 5270.588235294118
192469 5375.999999999999
192968 5375.999999999999
193468 5488.0
193968 5375.999999999999
194468 5488.0
194968 5375.999999999999
195469 5600.0
195969 5270.588235294118
196468 5485.714285714285
196969 5380.392156862745
197469 5375.999999999999
197969 5375.999999999999
198468 5488.0
198968 5263.999999999999
199469 5714.285714285715
199969 5160.7843137254895
200469 5600.0
200969 5488.0
201468 5485.714285714285
201968 5380.392156862745
202469 5371.428571428571
202969 5488.0
203469 5152.0
203968 5488.0
204468 5375.999999999999
204968 5600.0
205468 5270.588235294118
205969 5600.0
206469 5380.392156862745
206969 5488.0
207469 5488.0
207968 5257.142857142857
208468 5375.999999999999
208968 5263.999999999999
209468 5600.0
209968 5270.588235294118
210468 5375.999999999999
210968 5600.0
211469 5375.999999999999
211969 5488.0
212468 5375.999999999999
212968 5375.999999999999
213468 5263.999999999999
213969 5488.0
214469 5600.0
214969 5380.392156862745
215468 5485.714285714285
215969 5488.0
216469 5375.999999999999
216968 5380.392156862745
217468 5485.714285714285
217969 5152.0
218469 5488.0
218969 5270.588235294118
219469 5375.999999999999
219969 5600.0
220469 5488.0
220969 5380.392156862745
221468 5485.714285714285
221968 5270.588235294118
222468 5375.999999999999
222968 5600.0
223468 5160.7843137254895
223968 5375.999999999999
224468 5375.999999999999
224968 5600.0
225468 5380.392156862745
225968 5600.0
226469 5488.0
226969 5375.999999999999
227469 5375.999999999999
227969 5263.999999999999
228469 5488.0
228969 5375.999999999999
229469 5488.0
229969 5375.999999999999
230469 5490.1960784313715
230969 5600.0
231469 5270.588235294118
231968 5485.714285714285
232468 5380.392156862745
232968 5485.714285714285
233468 5160.7843137254895
233969 5714.285714285715
234468 5270.588235294118
234968 5485.714285714285
235468 5380.392156862745
235968 5375.999999999999
236469 5600.0
236969 5600.0
237469 5375.999999999999
237968 5375.999999999999
238469 5160.7843137254895
238968 5485.714285714285
239469 5375.999999999999
239968 5488.0
240468 5488.0
240969 5380.392156862745
241469 5488.0
241968 5152.0
242469 5371.428571428571
242969 5488.0
243469 5263.999999999999
243969 5263.999999999999
244469 5380.392156862745
244968 5488.0
245469 5371.428571428571
245969 5380.392156862745
246469 5714.285714285715
246969 5375.999999999999
247468 5490.1960784313715
247969 5263.999999999999
248469 5488.0
248969 5152.0
249469 5485.714285714285
249969 5380.392156862745
250469 5488.0
250968 5375.999999999999
251468 5600.0
251968 5380.392156862745
252468 5600.0
252968 5270.588235294118
253468 5371.428571428571
253969 5375.999999999999
254468 5375.999999999999
254968 5270.588235294118
255468 5714.285714285715
255968 5375.999999999999
256468 5270.588235294118
256968 5488.0
257468 5600.0
257968 5263.999999999999
258468 5375.999999999999
258969 5371.428571428571
259469 5270.588235294118
259969 5488.0
260469 5600.0
260969 5380.392156862745
261468 5375.999999999999
261968 5600.0
262468 5263.999999999999
262968 5488.0
263468 5371.428571428571
263968 5375.999999999999
264468 5375.999999999999
264968 5488.0
265468 5270.588235294118
265968 5488.0
266468 5488.0
266968 5485.714285714285
267469 5380.392156862745
267969 5375.999999999999
268469 5375.999999999999
268968 5371.428571428571
269468 5375.999999999999
269969 5160.7843137254895
270469 5600.0
270969 5488.0
271468 5488.0
271969 5380.392156862745
272469 5263.999999999999
272969 5600.0
273469 5375.999999999999
273969 5270.588235294118
274469 5600.0
274969 5488.0
275469 5375.999999999999
275968 5375.999999999999
276468 5263.999999999999
276968 5488.0
277468 5488.0
277968 5270.588235294118
278469 5488.0
278969 5263.999999999999
279469 5488.0
279968 5375.999999999999
280468 5485.714285714285
280968 5488.0
281468 5375.999999999999
281969 5488.0
282469 5375.999999999999
282968 5490.1960784313715
283468 5142.857142857142
283969 5270.588235294118
284469 5371.428571428571
284969 5488.0
285469 5375.999999999999
285969 5380.392156862745
286469 5488.0
286969 5488.0
287469 5600.0
287968 5160.7843137254895
288469 5600.0
288969 5263.999999999999
289469 5380.392156862745
289969 5375.999999999999
290469 5375.999999999999
290969 5600.0
291469 5488.0
291969 5380.392156862745
292469 5485.714285714285
292969 5380.392156862745
293468 5485.714285714285
293969 5380.392156862745
294468 5485.714285714285
294968 5380.392156862745
295468 5485.714285714285
295968 5488.0
296468 5270.588235294118
296969 5488.0
297469 5600.0
297969 5375.999999999999
298468 5380.392156862745
298969 5375.999999999999
299469 5488.0
299968 5375.999999999999
300468 5488.0
300968 5371.428571428571
301468 5488.0
301969 5488.0
302469 5270.588235294118
302969 5152.0
303469 5375.999999999999
303969 5375.999999999999
304469 5600.0
304969 5380.392156862745
305469 5485.714285714285
305969 5375.999999999999
306468 5488.0
306969 5375.999999999999
307468 5380.392156862745
307969 5375.999999999999
308469 5600.0
308969 5375.999999999999
309469 5375.999999999999
309969 5375.999999999999
310468 5270.588235294118
310968 5375.999999999999
311468 5600.0
311968 5375.999999999999
312468 5375.999999999999
312968 5600.0
313468 5488.0
313969 5375.999999999999
314469 5375.999999999999
314969 5488.0
315469 5270.588235294118
315969 5375.999999999999
316468 5375.999999999999
316968 5600.0
317468 5375.999999999999
317969 5270.588235294118
318468 5485.714285714285
318969 5380.392156862745
319469 5375.999999999999
319968 5485.714285714285
320469 5270.588235294118
320969 5371.428571428571
321469 5375.999999999999
321968 5600.0
322468 5160.7843137254895
322968 5600.0
323468 5375.999999999999
323968 5488.0
324468 5380.392156862745
324968 5488.0
325468 5600.0
325968 5270.588235294118
326468 5600.0
326968 5375.999999999999
327469 5375.999999999999
327968 5488.0
328468 5270.588235294118
328968 5600.0
329468 5375.999999999999
329968 5488.0
330468 5488.0
330969 5375.999999999999
331469 5375.999999999999
331968 5488.0
332469 5160.7843137254895
332968 5375.999999999999
333468 5488.0
333968 5375.999999999999
334468 5375.999999999999
334968 5600.0
335468 5600.0
335968 5488.0
336468 5375.999999999999
336969 5270.588235294118
337469 5485.714285714285
337968 5270.588235294118
338468 5375.999999999999
338969 5488.0
339468 5375.999999999999
339968 5600.0
340469 5600.0
340969 5270.588235294118
341468 5600.0
341968 5152.0
342468 5270.588235294118
342969 5375.999999999999
343468 5375.999999999999
343968 5375.999999999999
344468 5600.0
344968 5488.0
345468 5488.0
345969 5375.999999999999
346469 5488.0
346969 5375.999999999999
347469 5160.7843137254895
347969 5152.0
348469 5600.0
348969 5270.588235294118
349469 5375.999999999999
349968 5488.0
350468 5488.0
350968 5485.714285714285
351468 5375.999999999999
351968 5375.999999999999
352468 5488.0
352968 5160.7843137254895
353468 5485.714285714285
353968 5488.0
354468 5375.999999999999
354968 5488.0
355469 5488.0
355968 5488.0
356468 5488.0
356968 5375.999999999999
357469 5375.999999999999
357968 5488.0
358468 5375.999999999999
358968 5270.588235294118
359468 5485.714285714285
359968 5380.392156862745
360468 5600.0
360969 5380.392156862745
361469 5488.0
361969 5375.999999999999
362469 5485.714285714285
362968 5263.999999999999
363469 5488.0
363968 5375.999999999999
364468 5488.0
364968 5270.588235294118
365468 5488.0
365968 5600.0
366468 5375.999999999999
366968 5600.0
367469 5488.0
367969 5160.7843137254895
368468 5600.0
368968 5270.588235294118
369468 5375.999999999999
369968 5488.0
370468 5488.0
370968 5488.0
371468 5375.999999999999
371968 5600.0
372468 5270.588235294118
372969 5263.999999999999
373469 5371.428571428571
373969 5488.0
374468 5488.0
374968 5270.588235294118
375468 5488.0
375969 5488.0
376469 5600.0
376969 5270.588235294118
377468 5485.714285714285
377968 5263.999999999999
378469 5263.999999999999
378969 5270.588235294118
379469 5375.999999999999
379969 5485.714285714285
380469 5600.0
380969 5488.0
381468 5375.999999999999
381968 5380.392156862745
382469 5263.999999999999
382969 5488.0
383469 5152.0
383969 5371.428571428571
384469 5380.392156862745
384969 5375.999999999999
385468 5375.999999999999
385968 5488.0
386468 5600.0
386968 5375.999999999999
387468 5380.392156862745
387968 5485.714285714285
388468 5375.999999999999
388968 5375.999999999999
389469 5263.999999999999
389969 5375.999999999999
390469 5270.588235294118
390969 5371.428571428571
391469 5380.392156862745
391968 5485.714285714285
392468 5488.0
392968 5375.999999999999
393469 5375.999999999999
393968 5263.999999999999
394468 5375.999999999999
394969 5490.1960784313715
395468 5375.999999999999
395968 5600.0
396468 5270.588235294118
396968 5488.0
397469 5600.0
397969 5488.0
398469 5375.999999999999
398969 5488.0
399468 5263.999999999999
399968 5263.999999999999
400469 5375.999999999999
400969 5380.392156862745
401468 5600.0
401968 5488.0
402468 5488.0
402968 5380.392156862745
403468 5375.999999999999
403969 5263.999999999999
404468 5485.714285714285
404969 5488.0
405469 5270.588235294118
405969 5488.0
406469 5488.0
406968 5488.0
407468 5600.0
407968 5375.999999999999
408469 5600.0
408968 5270.588235294118
409468 5371.428571428571
409968 5375.999999999999
410469 5380.392156862745
410968 5375.999999999999
411468 5488.0
411968 5375.999999999999
412468 5485.714285714285
412968 5263.999999999999
413468 5488.0
413968 5050.980392156863
414468 5375.999999999999
414968 5600.0
415469 5375.999999999999
415968 5600.0
416469 5488.0
416969 5380.392156862745
417469 5485.714285714285
417969 5375.999999999999
418468 5488.0
418968 5488.0
419469 5488.0
419969 5263.999999999999
420469 5270.588235294118
420969 5485.714285714285
421469 5375.999999999999
421969 5488.0
422468 5488.0
422969 5488.0
423469 5488.0
423968 5375.999999999999
424469 5270.588235294118
424968 5263.999999999999
425468 5485.714285714285
425968 5270.588235294118
426468 5488.0
426968 5485.714285714285
427468 5371.428571428571
427968 5061.538461538461
428468 5600.0
428969 5490.1960784313715
429469 5375.999999999999
429969 5040.0
430468 5485.714285714285
430969 5375.999999999999
431468 5270.588235294118
431968 5488.0
432468 5600.0
432968 5485.714285714285
433468 5490.1960784313715
433968 5485.714285714285
434469 5488.0
434968 5263.999999999999
435468 5270.588235294118
435968 5488.0
436468 5488.0
436968 5600.0
437469 5488.0
437968 5380.392156862745
438468 5600.0
438969 5488.0
439469 5375.999999999999
439969 5270.588235294118
440468 5485.714285714285
440968 5263.999999999999
441468 5600.0
441968 5375.999999999999
442468 5600.0
442968 5375.999999999999
443469 5600.0
443969 5263.999999999999
444468 5380.392156862745
444968 5263.999999999999
445468 5375.999999999999
445968 5488.0
446468 5375.999999999999
446968 5600.0
447468 5263.999999999999
447968 5600.0
448468 5488.0
448969 5488.0
449469 5375.999999999999
449969 5270.588235294118
450469 5485.714285714285
450969 5375.999999999999
451468 5263.999999999999
451968 5152.0
452468 5380.392156862745
452968 5375.999999999999
453468 5600.0
453968 5380.392156862745
454469 5488.0
454968 5485.714285714285
455468 5270.588235294118
455969 5371.428571428571
456469 5380.392156862745
456969 5485.714285714285
457468 5488.0
457968 5488.0
458468 5270.588235294118
458968 5488.0
459468 5375.999999999999
459968 5600.0
460469 5488.0
460969 5263.999999999999
461468 5375.999999999999
461968 5375.999999999999
462468 5488.0
462969 5488.0
463469 5380.392156862745
463969 5375.999999999999
464469 5488.0
464968 5488.0
465469 5375.999999999999
465969 5371.428571428571
466469 5488.0
466969 5270.588235294118
467469 5600.0
467969 5488.0
468468 5488.0
468968 5375.999999999999
469468 5600.0
469969 5270.588235294118
470469 5488.0
470969 5485.714285714285
471469 5160.7843137254895
471969 5600.0
472469 5375.999999999999
472969 5488.0
473468 5270.588235294118
473969 5714.285714285715
474468 5488.0
474968 5488.0
475468 5375.999999999999
475968 5270.588235294118
476468 5485.714285714285
476969 5375.999999999999
477468 5270.588235294118
477968 5375.999999999999
478468 5600.0
478969 5600.0
479469 5375.999999999999
479969 5380.392156862745
480469 5485.714285714285
480968 5488.0
481469 5488.0
481969 5263.999999999999
482468 5375.999999999999
482968 5380.392156862745
483468 5485.714285714285
483968 5488.0
484470 5600.0
484968 5160.7843137254895
485468 2742.8571428571427
485968 4721.568627450981
486469 5371.428571428571
486969 5270.588235294118
487469 5263.999999999999
487969 5600.0
488468 5050.980392156863
488968 5371.428571428571
489468 5380.392156862745
489968 5600.0
490468 5488.0
490969 5600.0
491469 5270.588235294118
491969 5485.714285714285
492469 5160.7843137254895
492969 5600.0
493469 5270.588235294118
493968 5600.0
494468 5375.999999999999
494969 5488.0
495468 5488.0
495968 5600.0
496468 5375.999999999999
496969 5050.980392156863
497469 4914.285714285714
497968 5270.588235294118
498468 5488.0
498968 5485.714285714285
499468 5600.0
499969 5488.0
500469 5488.0
500969 5375.999999999999
501469 5488.0
501969 5270.588235294118
502469 5375.999999999999
502969 5263.999999999999
503468 5600.0
503968 5375.999999999999
504468 5600.0
504968 5488.0
505468 5600.0
505969 5270.588235294118
506469 5371.428571428571
506968 5263.999999999999
507468 5375.999999999999
507968 5270.588235294118
508468 5600.0
508968 5600.0
509468 5375.999999999999
509968 5600.0
510468 5375.999999999999
510968 5263.999999999999
511468 5488.0
511968 5375.999999999999
512468 5270.588235294118
512968 5485.714285714285
513468 5375.999999999999
513970 5375.999999999999
514469 5263.999999999999
514968 5488.0
515468 5488.0
515968 5380.392156862745
516468 5488.0
516968 5600.0
517468 5375.999999999999
517968 5160.7843137254895
518468 5485.714285714285
518968 5375.999999999999
519469 5488.0
519969 5380.392156862745
520469 5488.0
520968 5485.714285714285
521468 5375.999999999999
521968 5375.999999999999
522468 5488.0
522969 5270.588235294118
523469 5371.428571428571
523969 5375.999999999999
524468 4941.176470588234
524969 5600.0
525469 5485.714285714285
525969 5488.0
526469 5488.0
526969 5375.999999999999
527469 5270.588235294118
527968 5263.999999999999
528469 5488.0
528969 5488.0
529469 5375.999999999999
529969 5600.0
530468 5485.714285714285
530968 5600.0
531468 5380.392156862745
531969 5600.0
532468 5375.999999999999
532968 5375.999999999999
533468 5270.588235294118
533968 5375.999999999999
534468 5375.999999999999
534968 5488.0
535469 5600.0
535969 5488.0
536469 5488.0
536969 5488.0
537469 5270.588235294118
537969 5375.999999999999
538469 5485.714285714285
538968 5380.392156862745
539468 5488.0
539968 5600.0
540468 5270.588235294118
540968 5600.0
541469 5488.0
541969 5488.0
542469 5488.0
542969 5270.588235294118
543468 5488.0
543969 5600.0
544469 5263.999999999999
544969 5270.588235294118
545469 5488.0
545968 5488.0
546468 5488.0
546968 5488.0
547468 5600.0
547968 5375.999999999999
548468 5375.999999999999
548968 5160.7843137254895
549468 5485.714285714285
549968 5375.999999999999
550469 5488.0
550968 5380.392156862745
551468 5485.714285714285
551969 5600.0
552469 5270.588235294118
552969 5714.285714285715
553468 5270.588235294118
553968 5375.999999999999
554468 5600.0
554968 5375.999999999999
555468 5270.588235294118
555968 5488.0
556468 5600.0
556968 5375.999999999999
557468 5600.0
557968 5375.999999999999
558468 5375.999999999999
558968 5263.999999999999
559468 5600.0
559968 5375.999999999999
560469 5380.392156862745
560969 5488.0
561469 5488.0
561968 5600.0
562468 5380.392156862745
562969 5600.0
563469 5488.0
563969 5375.999999999999
564469 5375.999999999999
564968 5270.588235294118
565468 5375.999999999999
565968 5488.0
566468 5488.0
566969 5485.714285714285
567469 5160.7843137254895
567968 5485.714285714285
568468 5380.392156862745
568969 5263.999999999999
569469 5485.714285714285
569969 5270.588235294118
570468 5488.0
570968 5714.285714285715
571468 5375.999999999999
571968 5488.0
572468 5488.0
572968 5600.0
573468 5375.999999999999
573969 5380.392156862745
574468 5488.0
574968 5485.714285714285
575468 5160.7843137254895
575968 5485.714285714285
576468 5488.0
576969 5488.0
577469 5488.0
577968 5488.0
578468 5488.0
578968 5380.392156862745
579469 5375.999999999999
579969 5485.714285714285
580468 5375.999999999999
580968 5375.999999999999
581468 5488.0
581968 5375.999999999999
582468 5600.0
582969 5160.7843137254895
583469 5375.999999999999
583969 5714.285714285715
584469 5375.999999999999
584968 5270.588235294118
585468 5600.0
585968 5160.7843137254895
586468 5485.714285714285
586968 5490.1960784313715
587468 5375.999999999999
587968 5488.0
588468 5488.0
588968 5600.0
589468 5263.999999999999
589969 5375.999999999999
590469 5375.999999999999
590968 5375.999999999999
591469 5488.0
591968 5488.0
592469 5263.999999999999
592969 5380.392156862745
593469 5488.0
593969 5600.0
594468 5160.7843137254895
594968 5600.0
595468 5375.999999999999
595968 5375.999999999999
596468 5375.999999999999
596969 5375.999999999999
597469 5490.1960784313715
597969 5485.714285714285
598469 5490.1960784313715
598968 5600.0
599468 5375.999999999999
599968 5263.999999999999
600468 5375.999999999999
600968 5270.588235294118
601469 5600.0
601969 5380.392156862745
602469 5600.0
602969 5380.392156862745
603469 5375.999999999999
603969 5488.0
604469 5375.999999999999
604969 5600.0
605468 5371.428571428571
605969 5375.999999999999
606469 5160.7843137254895
606968 5375.999999999999
607468 5263.999999999999
607969 5600.0
608469 5488.0
608969 5485.714285714285
609469 5600.0
609968 5160.7843137254895
610468 5600.0
610968 5375.999999999999
611468 5375.999999999999
611968 5488.0
612468 5160.7843137254895
612969 5488.0
613469 5600.0
613969 5488.0
614469 5488.0
614968 5600.0
615468 5270.588235294118
615968 5263.999999999999
616469 5600.0
616968 5160.7843137254895
617468 5485.714285714285
617968 5488.0
618468 5488.0
618969 5380.392156862745
619469 5600.0
619969 5488.0
620469 5270.588235294118
620969 5488.0
621468 5263.999999999999
621969 5485.714285714285
622469 5488.0
622969 5380.392156862745
623469 5600.0
623968 5488.0
624468 5488.0
624968 5488.0
625469 5488.0
625969 5375.999999999999
626468 5380.392156862745
626968 5371.428571428571
627468 5380.392156862745
627968 5600.0
628468 5488.0
628968 5375.999999999999
629468 5490.1960784313715
629968 5488.0
630469 5375.999999999999
630969 5375.999999999999
631468 5485.714285714285
631968 5270.588235294118
632468 5600.0
632968 5270.588235294118
633468 5488.0
633968 5714.285714285715
634468 5375.999999999999
634969 5600.0
635469 5270.588235294118
635969 5488.0
636469 5375.999999999999
636969 4914.285714285714
637468 4032.0
637969 5160.7843137254895
638468 5375.999999999999
638968 5485.714285714285
639468 5488.0
639969 5488.0
640469 5380.392156862745
640969 5375.999999999999
641469 5600.0
641969 5263.999999999999
642468 5375.999999999999
642969 5488.0
643468 5488.0
643968 5488.0
644468 5270.588235294118
644968 5600.0
645468 5488.0
645968 5160.7843137254895
646472 5263.999999999999
646968 5371.428571428571
647468 5263.999999999999
647969 5380.392156862745
648469 5485.714285714285
648969 5380.392156862745
649469 5488.0
649969 5488.0
650469 5600.0
650968 5270.588235294118
651469 5485.714285714285
651969 5375.999999999999
652469 5270.588235294118
652968 5488.0
653468 5488.0
653968 5488.0
654468 5600.0
654968 5488.0
655469 5488.0
655969 5488.0
656469 5488.0
656969 5270.588235294118
657469 5485.714285714285
657969 5375.999999999999
658469 5263.999999999999
658969 5600.0
659468 5488.0
659968 5488.0
660468 5380.392156862745
660969 5257.142857142857
661469 5375.999999999999
661968 5263.999999999999
662468 5488.0
662968 5375.999999999999
663468 5380.392156862745
663969 5600.0
664469 5488.0
664969 5488.0
665468 5380.392156862745
665969 5714.285714285715
666468 5270.588235294118
666968 5600.0
667468 5375.999999999999
667968 5375.999999999999
668469 5270.588235294118
668968 5375.999999999999
669468 5485.714285714285
669968 5490.1960784313715
670468 5485.714285714285
670968 5600.0
671468 5375.999999999999
671969 5488.0
672469 5375.999999999999
672968 5375.999999999999
673469 4831.3725490196075
673969 5600.0
674469 5380.392156862745
674969 5600.0
675468 5270.588235294118
675968 5600.0
676469 5600.0
676968 5375.999999999999
677469 5380.392156862745
677968 5263.999999999999
678468 5600.0
678969 5375.999999999999
679469 5160.7843137254895
679969 5600.0
680469 5600.0
680968 5375.999999999999
681468 5488.0
681969 5375.999999999999
682468 5488.0
682968 5270.588235294118
683468 5375.999999999999
683968 5600.0
684469 5380.392156862745
684969 5485.714285714285
685469 5380.392156862745
685968 5600.0
686468 5488.0
686968 5488.0
687468 5375.999999999999
687968 5375.999999999999
688468 5380.392156862745
688968 5485.714285714285
689468 5270.588235294118
689969 5488.0
690469 5600.0
690969 5380.392156862745
691469 5488.0
691969 5485.714285714285
692469 5375.999999999999
692968 5375.999999999999
693469 5270.588235294118
693969 5600.0
694468 5490.1960784313715
694968 5600.0
695468 5488.0
695969 5488.0
696469 5380.392156862745
696969 5600.0
697469 5488.0
697968 5488.0
698468 5160.7843137254895
698969 5488.0
699469 5371.428571428571
699969 5375.999999999999
700469 5375.999999999999
700969 5488.0
701468 5490.1960784313715
701968 5375.999999999999
702468 5488.0
702968 5600.0
703468 5375.999999999999
703968 5263.999999999999
704468 5375.999999999999
704968 5380.392156862745
705468 5375.999999999999
705968 5488.0
706468 5600.0
706968 5371.428571428571
707469 5263.999999999999
707969 5380.392156862745
708469 5485.714285714285
708969 5270.588235294118
709468 5485.714285714285
709968 5270.588235294118
710468 5375.999999999999
710968 5600.0
711469 5488.0
711969 5380.392156862745
712469 5600.0
712969 5488.0
713469 5270.588235294118
713969 5263.999999999999
714468 5488.0
714968 5485.714285714285
715468 5490.1960784313715
715968 5375.999999999999
716468 5488.0
716968 5488.0
717469 5600.0
717969 5485.714285714285
718469 5380.392156862745
718969 5485.714285714285
719469 5263.999999999999
719969 5375.999999999999
720469 5488.0
720969 5488.0
721469 5380.392156862745
721968 5488.0
722468 5600.0
722969 5375.999999999999
723468 5270.588235294118
723969 5263.999999999999
724468 5600.0
724968 5488.0
725468 5488.0
725968 5270.588235294118
726468 5488.0
726968 5485.714285714285
727469 5488.0
727969 5488.0
728469 5488.0
728969 5488.0
729469 5270.588235294118
729968 5485.714285714285
730468 5263.999999999999
730969 5375.999999999999
731458 5152.0
731968 5490.1960784313715
732468 5485.714285714285
732968 5380.392156862745
733468 5600.0
733968 5488.0
734468 5263.999999999999
734968 5263.999999999999
735469 5488.0
735969 5270.588235294118
736469 5714.285714285715
736969 5375.999999999999
737469 5488.0
737969 5488.0
738469 5488.0
738968 5488.0
739468 5380.392156862745
739968 5371.428571428571
740468 5375.999999999999
740969 5375.999999999999
741468 5270.588235294118
741968 5488.0
742468 5488.0
742968 5488.0
743468 5600.0
743969 5375.999999999999
744468 5488.0
744969 5160.7843137254895
745469 5485.714285714285
745969 5380.392156862745
746469 5488.0
746969 5488.0
747468 5600.0
747968 5270.588235294118
748468 5600.0
748969 5485.714285714285
749469 5488.0
749968 5152.0
750468 5263.999999999999
750969 5488.0
751468 5375.999999999999
751968 5488.0
752468 5375.999999999999
752969 5263.999999999999
753469 5488.0
753968 5270.588235294118
754469 5485.714285714285
754969 5375.999999999999
755468 5375.999999999999
755969 5270.588235294118
756468 5488.0
756968 5600.0
757468 5488.0
757968 5488.0
758469 5375.999999999999
758969 5380.392156862745
759469 5600.0
759968 5375.999999999999
760469 5263.999999999999
760968 5488.0
761469 5270.588235294118
761969 5714.285714285715
762469 5270.588235294118
762969 5714.285714285715
763468 5380.392156862745
763968 5375.999999999999
764469 5485.714285714285
764969 5380.392156862745
765468 5371.428571428571
765968 5380.392156862745
766468 5488.0
766968 5375.999999999999
767468 5600.0
767969 5600.0
768469 5380.392156862745
768969 5600.0
769469 5375.999999999999
769968 5485.714285714285
770469 5169.2307692307695
770968 5375.999999999999
771468 5600.0
771973 5375.999999999999
772469 5380.392156862745
772969 5600.0
773469 5600.0
773969 5488.0
774469 5160.7843137254895
774968 5371.428571428571
775469 5263.999999999999
775969 4928.0
776469 5375.999999999999
776968 5050.980392156863
777469 5488.0
777969 5600.0
778469 5380.392156862745
778968 5371.428571428571
779468 5375.999999999999
779969 5270.588235294118
780468 5371.428571428571
780968 5380.392156862745
781468 5488.0
781968 5485.714285714285
782468 5488.0
782968 5490.1960784313715
783468 5600.0
783968 5375.999999999999
784468 5375.999999999999
784968 5375.999999999999
785468 5270.588235294118
785969 5600.0
786469 5488.0
786969 5380.392156862745
787469 5263.999999999999
787969 5600.0
788469 5488.0
788968 5488.0
789469 5371.428571428571
789969 5488.0
790469 5160.7843137254895
790969 5488.0
791469 5488.0
791968 5375.999999999999
792468 5600.0
792968 5488.0
793468 5600.0
793968 5375.999999999999
794468 5270.588235294118
794968 5375.999999999999
795469 5600.0
795969 5263.999999999999
796469 5490.1960784313715
796969 5485.714285714285
797468 5380.392156862745
797969 5600.0
798469 5375.999999999999
798969 5490.1960784313715
799468 5485.714285714285
799968 5160.7843137254895
800468 5485.714285714285
800968 5160.7843137254895
801468 5371.428571428571
801968 5488.0
802468 5488.0
802969 5488.0
803469 5380.392156862745
803969 5485.714285714285
804468 5270.588235294118
804968 5371.428571428571
805468 5488.0
805968 5263.999999999999
806468 5600.0
806968 5488.0
807469 5380.392156862745
807969 5488.0
808469 5488.0
808969 5600.0
809468 5270.588235294118
809969 5600.0
810469 5263.999999999999
810969 5488.0
811469 5375.999999999999
811969 5488.0
812468 5488.0
812968 5600.0
813468 5270.588235294118
813968 5488.0
814468 5600.0
814968 5160.7843137254895
815469 5485.714285714285
815968 5375.999999999999
816468 5488.0
816968 5488.0
817468 5488.0
817969 5488.0
818469 5380.392156862745
818969 5488.0
819468 5375.999999999999
819969 5485.714285714285
820469 5263.999999999999
820969 5375.999999999999
821468 5380.392156862745
821968 5488.0
822468 5375.999999999999
822968 5600.0
823468 5380.392156862745
823969 5488.0
824468 5485.714285714285
824968 5375.999999999999
825468 5375.999999999999
825968 5488.0
826469 5380.392156862745
826969 5714.285714285715
827468 5375.999999999999
827968 5600.0
828468 5375.999999999999
828968 5488.0
829469 5375.999999999999
829968 5270.588235294118
830468 5485.714285714285
830968 5375.999999999999
831468 5375.999999999999
831968 5600.0
832469 5488.0
832969 5488.0
833469 5488.0
833968 5375.999999999999
834469 5270.588235294118
834968 5375.999999999999
835468 5375.999999999999
835968 5375.999999999999
836469 5488.0
836969 5600.0
837469 5380.392156862745
837968 5488.0
838468 5600.0
838968 5600.0
839468 5375.999999999999
839968 5160.7843137254895
840469 5488.0
840969 5375.999999999999
841469 5488.0
841968 5485.714285714285
842468 5488.0
842968 5488.0
843469 5488.0
843968 5270.588235294118
844469 5263.999999999999
844969 5375.999999999999
845469 5488.0
845969 5371.428571428571
846468 5488.0
846968 5270.588235294118
847468 5371.428571428571
847968 5600.0
848469 5380.392156862745
848969 5485.714285714285
849468 5375.999999999999
849968 5375.999999999999
850468 5270.588235294118
850968 5485.714285714285
851468 5375.999999999999
851968 5380.392156862745
852468 5485.714285714285
852969 5488.0
853469 5490.1960784313715
853969 5375.999999999999
854469 5375.999999999999
854969 5375.999999999999
855468 5263.999999999999
855969 5485.714285714285
856468 5600.0
856968 5375.999999999999
857468 5488.0
857968 5488.0
858469 5600.0
858969 5375.999999999999
859469 5380.392156862745
859969 5485.714285714285
860468 5263.999999999999
860968 5160.7843137254895
861468 5600.0
861968 5488.0
862469 5600.0
862969 5380.392156862745
863469 5485.714285714285
863969 5270.588235294118
864469 5488.0
864968 5485.714285714285
865468 5488.0
865968 5375.999999999999
866468 5488.0
866969 5380.392156862745
867469 5488.0
867969 5485.714285714285
868469 5380.392156862745
868968 5488.0
869469 5600.0
869969 5380.392156862745
870468 5257.142857142857
870968 5263.999999999999
871469 5263.999999999999
871969 5488.0
872469 5270.588235294118
872968 5485.714285714285
873468 5380.392156862745
873968 5375.999999999999
874468 5375.999999999999
874969 5371.428571428571
875468 5375.999999999999
875968 5600.0
876469 5375.999999999999
876969 5490.1960784313715
877468 5488.0
877968 5600.0
878468 5375.999999999999
878968 5380.392156862745
879468 5485.714285714285
879968 5375.999999999999
880468 5160.7843137254895
880968 5488.0
881468 5375.999999999999
881969 5600.0
882469 5488.0
882969 5380.392156862745
883469 5600.0
883969 5270.588235294118
884468 5600.0
884968 5263.999999999999
885468 5270.588235294118
885968 5375.999999999999
886469 5600.0
886969 5488.0
887468 5600.0
887968 5488.0
888468 5488.0
888968 5488.0
889468 5375.999999999999
889968 5375.999999999999
890468 5375.999999999999
890968 5263.999999999999
891469 5380.392156862745
891968 5375.999999999999
892469 5600.0
892969 5375.999999999999
893468 5600.0
893968 5375.999999999999
894468 5375.999999999999
894968 5375.999999999999
895468 5270.588235294118
895968 5485.714285714285
896468 5488.0
896968 5375.999999999999
897469 5380.392156862745
897968 5488.0
898469 5375.999999999999
898968 5714.285714285715
899468 5263.999999999999
899968 5380.392156862745
900468 5375.999999999999
900969 5485.714285714285
901469 5380.392156862745
901969 5600.0
902468 5375.999999999999
902968 5600.0
903468 5380.392156862745
903969 5375.999999999999
904468 5257.142857142857
904968 5263.999999999999
905469 5263.999999999999
905969 5380.392156862745
906469 5600.0
906969 5488.0
907469 5488.0
907968 5488.0
908468 5488.0
908968 5375.999999999999
909468 5488.0
909968 5375.999999999999
910468 5375.999999999999
910968 5375.999999999999
911468 5375.999999999999
911969 5488.0
912469 5600.0
912969 5488.0
913468 5375.999999999999
913968 5380.392156862745
914468 5375.999999999999
914969 5485.714285714285
915469 5375.999999999999
915969 5375.999999999999
916469 5488.0
916969 5600.0
917468 5375.999999999999
917968 5490.1960784313715
918468 5488.0
918968 5485.714285714285
919468 5600.0
919968 5263.999999999999
920468 5375.999999999999
920968 5270.588235294118
921469 5600.0
921968 5375.999999999999
922468 5375.999999999999
922968 5488.0
923468 5488.0
923968 5488.0
924468 5270.588235294118
924968 5375.999999999999
925469 5488.0
925969 5485.714285714285
926469 5488.0
926969 5380.392156862745
927469 5375.999999999999
927968 5714.285714285715
928468 5488.0
928968 5488.0
929468 5380.392156862745
929968 5488.0
930468 5485.714285714285
930968 5375.999999999999
931468 5488.0
931968 5375.999999999999
932468 5488.0
932969 5380.392156862745
933469 5600.0
933969 5485.714285714285
934469 5375.999999999999
934969 5380.392156862745
935468 5371.428571428571
935968 5488.0
936468 5380.392156862745
936968 5375.999999999999
937468 5600.0
937968 5488.0
938468 5488.0
938972 5488.0
939469 5485.714285714285
939968 5375.999999999999
940468 5488.0
940969 5375.999999999999
941468 5040.0
941968 5160.7843137254895
942468 5263.999999999999
942968 5488.0
943469 5488.0
943969 5488.0
944469 5375.999999999999
944968 5375.999999999999
945468 5485.714285714285
945968 5375.999999999999
946468 5380.392156862745
946968 5488.0
947469 5488.0
947968 5600.0
948468 5600.0
948968 5488.0
949468 5375.999999999999
949968 5488.0
950468 5375.999999999999
950968 5375.999999999999
951469 5375.999999999999
951969 5380.392156862745
952468 5600.0
952968 5488.0
953468 5488.0
953968 5488.0
954469 5488.0
954969 5375.999999999999
955469 5270.588235294118
955969 5485.714285714285
956468 5270.588235294118
956968 5600.0
957468 5488.0
957969 5600.0
958469 5270.588235294118
958968 5600.0
959468 5600.0
959969 5375.999999999999
960469 5270.588235294118
960969 5375.999999999999
961469 5375.999999999999
961968 5714.285714285715
962468 5375.999999999999
962968 5600.0
963469 5488.0
963968 5375.999999999999
964469 5488.0
964968 5380.392156862745
965468 5375.999999999999
965968 5375.999999999999
966469 5375.999999999999
966969 5714.285714285715
967468 5375.999999999999
967968 5488.0
968468 5488.0
968968 5488.0
969469 5488.0
969968 5263.999999999999
970468 5375.999999999999
970968 5375.999999999999
971468 5375.999999999999
971969 5490.1960784313715
972468 5488.0
972968 5600.0
973468 5375.999999999999
973968 5490.1960784313715
974469 5485.714285714285
974968 5488.0
975468 5160.7843137254895
975968 5488.0
976468 5600.0
976968 5270.588235294118
977469 5600.0
977968 5600.0
978468 3843.1372549019607
978969 5263.999999999999
979469 5600.0
979968 5263.999999999999
980468 5375.999999999999
980969 5380.392156862745
981468 5263.999999999999
981968 5375.999999999999
982468 5485.714285714285
982968 5488.0
983468 5485.714285714285
983968 5490.1960784313715
984469 5375.999999999999
984969 5375.999999999999
985471 5270.588235294118
985969 5375.999999999999
986469 5263.999999999999
986969 5600.0
987468 5257.142857142857
987968 5263.999999999999
988468 5488.0
988968 5380.392156862745
989469 5488.0
989968 5263.999999999999
990469 5600.0
990968 5160.7843137254895
991468 5485.714285714285
991968 5488.0
992468 5380.392156862745
992968 5375.999999999999
993468 5714.285714285715
993968 5375.999999999999
994468 5375.999999999999
994969 5160.7843137254895
995469 5375.999999999999
995969 5485.714285714285
996468 5488.0
996968 5263.999999999999
997469 5600.0
997969 5488.0
998468 5270.588235294118
998968 5600.0
999468 5490.1960784313715
999969 5263.999999999999
1000469 5375.999999999999
1000969 5375.999999999999
1001469 5600.0
1001969 5270.588235294118
1002468 5485.714285714285
1002969 3403.9215686274506
1003468 5040.0
1003969 5485.714285714285
1004469 5375.999999999999
1004969 5160.7843137254895
1005469 5375.999999999999
1005968 5028.571428571428
1006468 5375.999999999999
1006969 5380.392156862745
1007468 5600.0
1007968 5375.999999999999
1008468 5490.1960784313715
1008968 5600.0
1009469 5488.0
1009968 5485.714285714285
1010468 5169.2307692307695
1010969 5375.999999999999
1011469 5485.714285714285
1011968 5263.999999999999
1012468 5270.588235294118
1012968 5488.0
1013469 5488.0
1013969 5485.714285714285
1014468 5380.392156862745
1014968 4928.0
1015469 5371.428571428571
1015969 5270.588235294118
1016468 5485.714285714285
1016969 5380.392156862745
1017468 5600.0
1017968 5488.0
1018468 5600.0
1018968 5375.999999999999
1019469 5600.0
1019968 5488.0
1020468 5375.999999999999
1020968 5375.999999999999
1021468 5263.999999999999
1021968 5600.0
1022469 5270.588235294118
1022968 5600.0
1023468 5488.0
1023968 5600.0
1024468 5380.392156862745
1024969 5263.999999999999
1025468 5485.714285714285
1025968 5488.0
1026468 5380.392156862745
1026968 5485.714285714285
1027468 5600.0
1027968 5375.999999999999
1028469 5600.0
1028968 5380.392156862745
1029468 5600.0
1029968 5263.999999999999
1030468 5263.999999999999
1030968 5488.0
1031468 5152.0
1031968 5380.392156862745
1032468 5600.0
1032968 5488.0
1033469 5485.714285714285
1033968 5490.1960784313715
1034468 5375.999999999999
1034969 5485.714285714285
1035468 5375.999999999999
1035968 5375.999999999999
1036473 5600.0
1036969 5160.7843137254895
1037469 5600.0
1037968 5380.392156862745
1038468 5714.285714285715
1038968 5488.0
1039468 5488.0
1039969 5263.999999999999
1040468 5375.999999999999
1040968 4721.568627450981
1041469 5375.999999999999
1041969 5485.714285714285
1042468 5488.0
1042968 5488.0
1043468 5488.0
1043968 5488.0
1044469 5380.392156862745
1044969 5485.714285714285
1045468 5375.999999999999
1045968 5375.999999999999
1046469 5380.392156862745
1046969 5488.0
1047468 5485.714285714285
1047968 5600.0
1048468 5380.392156862745
1048968 5375.999999999999
1049468 5714.285714285715
1049969 5270.588235294118
1050469 5488.0
1050968 5485.714285714285
1051468 5263.999999999999
1051968 5600.0
1052468 5270.588235294118
1052968 5371.428571428571
1053469 5490.1960784313715
1053968 5600.0
1054468 5375.999999999999
1054969 5375.999999999999
1055469 5375.999999999999
1055968 5375.999999999999
1056468 5380.392156862745
1056969 5375.999999999999
1057468 5600.0
1057968 5375.999999999999
1058469 5600.0
1058968 5380.392156862745
1059468 5600.0
1059968 5488.0
1060468 5375.999999999999
1060968 5375.999999999999
1061469 5270.588235294118
1061969 5488.0
1062468 5485.714285714285
1062968 5600.0
1063468 5488.0
1063969 5270.588235294118
1064469 5488.0
1064968 5600.0
1065469 5160.7843137254895
1065968 5485.714285714285
1066471 5380.392156862745
1066969 5488.0
1067468 5600.0
1067968 5375.999999999999
1068468 5714.285714285715
1068968 5488.0
1069472 5380.392156862745
1069968 5485.714285714285
1070468 5375.999999999999
1070968 5270.588235294118
1071468 5485.714285714285
1071968 5488.0
1072468 5375.999999999999
1072968 5600.0
1073468 5488.0
1073969 5380.392156862745
1074468 5375.999999999999
1074968 5375.999999999999
1075468 5371.428571428571
1075969 5488.0
1076468 5160.7843137254895
1076968 5488.0
1077468 5375.999999999999
1077968 5485.714285714285
1078469 5375.999999999999
1078969 5488.0
1079468 5600.0
1079968 5270.588235294118
1080468 5375.999999999999
1080968 5485.714285714285
1081469 5375.999999999999
1081968 5488.0
1082468 5488.0
1082968 5488.0
1083469 5488.0
1083968 5488.0
1084469 5375.999999999999
1084968 5270.588235294118
1085468 5485.714285714285
1085968 5375.999999999999
1086469 5375.999999999999
1086968 5488.0
1087468 5488.0
1087968 5488.0
1088469 5600.0
1088968 5380.392156862745
1089468 5488.0
1089969 5371.428571428571
1090468 5263.999999999999
1090968 5270.588235294118
1091468 5485.714285714285
1091968 5380.392156862745
1092468 5600.0
1092968 5375.999999999999
1093469 5488.0
1093969 5488.0
1094469 5380.392156862745
1094969 5485.714285714285
1095468 5375.999999999999
1095969 5488.0
1096468 5375.999999999999
1096969 5490.1960784313715
1097468 5488.0
1097969 5488.0
1098469 5485.714285714285
1098968 5488.0
1099468 5488.0
1099968 5270.588235294118
1100468 5375.999999999999
1100969 5488.0
1101468 5485.714285714285
1101968 5488.0
1102468 5270.588235294118
1102968 5600.0
1103468 5375.999999999999
1103969 5488.0
1104468 5600.0
1104968 5488.0
1105468 5270.588235294118
1105968 5375.999999999999
1106468 5488.0
1106969 5371.428571428571
1107469 5380.392156862745
1107968 5600.0
1108468 5490.1960784313715
1108968 5485.714285714285
1109469 5490.1960784313715
1109968 5485.714285714285
1110469 5380.392156862745
1110968 5485.714285714285
1111468 5600.0
1111968 5169.2307692307695
1112469 5600.0
1112969 5375.999999999999
1113468 5488.0
1113968 5488.0
1114468 5488.0
1114968 5375.999999999999
1115468 5380.392156862745
1115969 5488.0
1116469 5375.999999999999
1116969 5600.0
1117469 5488.0
1117968 5270.588235294118
1118468 5488.0
1118968 5488.0
1119468 5600.0
1119969 5270.588235294118
1120469 5600.0
1120968 5375.999999999999
1121469 5488.0
1121968 4831.3725490196075
1122468 5371.428571428571
1122968 5488.0
1123468 5600.0
1123968 5375.999999999999
1124468 5488.0
1124968 5270.588235294118
1125468 5600.0
1125968 5375.999999999999
1126468 5380.392156862745
1126968 5375.999999999999
1127468 5371.428571428571
1127969 5488.0
1128468 5488.0
1128968 5488.0
1129468 5380.392156862745
1129968 5485.714285714285
1130469 5380.392156862745
1130969 5485.714285714285
1131468 5488.0
1131968 5600.0
1132468 5270.588235294118
1132969 5488.0
1133468 5485.714285714285
1133968 5600.0
1134468 5375.999999999999
1134968 5488.0
1135468 5375.999999999999
1135968 5488.0
1136469 5488.0
1136968 5270.588235294118
1137468 5714.285714285715
1137968 5375.999999999999
1138468 5375.999999999999
1138968 5380.392156862745
1139469 5714.285714285715
1139969 5375.999999999999
1140468 5375.999999999999
1140968 5488.0
1141468 5488.0
1141970 5488.0
1142469 5380.392156862745
1142968 5375.999999999999
1143469 5485.714285714285
1143968 5490.1960784313715
1144468 5375.999999999999
1144968 5600.0
1145468 5375.999999999999
1145968 5600.0
1146469 5384.615384615384
1146968 5263.999999999999
1147468 5485.714285714285
1147969 5263.999999999999
1148468 5488.0
1148968 5488.0
1149468 5488.0
1149969 5488.0
1150469 5375.999999999999
1150969 5270.588235294118
1151468 5263.999999999999
1151968 5600.0
1152469 5375.999999999999
1152968 5488.0
1153468 5380.392156862745
1153968 5485.714285714285
1154469 5488.0
1154969 5375.999999999999
1155468 5380.392156862745
1155968 5485.714285714285
1156468 5600.0
1156969 5380.392156862745
1157468 5375.999999999999
1157968 5375.999999999999
1158468 5488.0
1158968 5488.0
1159469 5714.285714285715
1159969 5375.999999999999
1160469 5380.392156862745
1160969 5600.0
1161469 5375.999999999999
1161969 5375.999999999999
1162469 5490.1960784313715
1162968 5488.0
1163468 5488.0
1163968 5375.999999999999
1164469 5485.714285714285
1164969 5380.392156862745
1165468 5485.714285714285
1165968 5380.392156862745
1166468 5488.0
1166968 5600.0
1167473 5375.999999999999
1167969 5488.0
1168469 5375.999999999999
1168969 5600.0
1169468 5375.999999999999
1169969 5488.0
1170469 5488.0
1170969 5270.588235294118
1171468 5485.714285714285
1171968 5490.1960784313715
1172468 5488.0
1172968 5600.0
1173468 5488.0
1173968 5488.0
1174468 5263.999999999999
1174969 5380.392156862745
1175469 5485.714285714285
1175968 5488.0
1176468 5375.999999999999
1176968 5490.1960784313715
1177469 5600.0
1177968 5375.999999999999
1178468 5485.714285714285
1178968 5488.0
1179468 5270.588235294118
1179968 5488.0
1180468 5485.714285714285
1180969 5375.999999999999
1181468 5600.0
1181968 5375.999999999999
1182468 5490.1960784313715
1182968 5375.999999999999
1183468 5600.0
1183969 5488.0
1184468 5160.7843137254895
1184968 5485.714285714285
1185468 5380.392156862745
1185968 5485.714285714285
1186468 5488.0
1186969 5488.0
1187469 5488.0
1187968 5375.999999999999
1188469 5380.392156862745
1188969 5485.714285714285
1189469 5375.999999999999
1189968 5270.588235294118
1190468 5600.0
1190968 5375.999999999999
1191469 5488.0
1191969 5488.0
1192468 5380.392156862745
1192968 5485.714285714285
1193468 5488.0
1193969 5375.999999999999
1194468 5375.999999999999
1194968 5488.0
1195468 5040.0
1195968 5380.392156862745
1196468 5375.999999999999
1196968 5488.0
1197469 5600.0
1197968 5270.588235294118
1198468 5600.0
1198969 5485.714285714285
1199469 5488.0
1199968 5375.999999999999
1200468 5270.588235294118
1200969 5375.999999999999
1201468 5488.0
1201969 5488.0
1202468 5485.714285714285
1202968 5380.392156862745
1203469 5488.0
1203969 5600.0
1204468 5375.999999999999
1204968 5375.999999999999
1205468 5375.999999999999
1205969 5380.392156862745
1206468 5714.285714285715
1206968 5380.392156862745
1207468 5488.0
1207969 5600.0
1208468 5488.0
1208968 5375.999999999999
1209468 5488.0
1209968 5160.7843137254895
1210469 5600.0
1210969 5270.588235294118
1211468 5488.0
1211968 5488.0
1212468 5488.0
1212968 5488.0
1213469 5600.0
1213969 5375.999999999999
1214469 5600.0
1214969 5375.999999999999
1215468 5160.7843137254895
1215968 5488.0
1216468 5488.0
