0 399.99999999999994
477 4335.4838709677415
976 4367.999999999999
1477 2305.882352941176
1977 0.0
2477 0.0
2977 0.0
3477 671.9999999999999
3977 0.0
4486 0.0
4977 0.0
5477 1119.9999999999998
5977 5485.714285714285
6476 5160.7843137254895
6976 5485.714285714285
7476 5040.0
7977 5270.588235294118
8477 5142.857142857142
8977 5263.999999999999
9477 5371.428571428571
9977 5270.588235294118
10476 5152.0
10977 5375.999999999999
11477 5375.999999999999
11977 5263.999999999999
12477 5050.980392156863
12976 5371.428571428571
13477 5263.999999999999
13977 5160.7843137254895
14476 5600.0
14977 5263.999999999999
15477 5488.0
15977 5160.7843137254895
16476 5485.714285714285
16977 5375.999999999999
17477 2525.4901960784314
17976 0.0
18477 0.0
18976 0.0
19476 2800.0
19977 4928.0
20477 5040.0
20977 5263.999999999999
21477 4501.9607843137255
21977 0.0
22476 0.0
22977 0.0
23477 0.0
23976 0.0
24476 223.99999999999997
24977 559.9999999999999
25477 0.0
25977 0.0
26477 0.0
26977 0.0
27476 1142.857142857143
27976 5375.999999999999
28477 5263.999999999999
28976 5263.999999999999
29477 5263.999999999999
29976 4816.0
30477 5263.999999999999
30977 5488.0
31477 5263.999999999999
31977 5488.0
32477 5375.999999999999
32977 5050.980392156863
33477 5263.999999999999
33977 5371.428571428571
34476 5263.999999999999
34977 5375.999999999999
35477 5380.392156862745
35977 5375.999999999999
36477 5485.714285714285
36977 5375.999999999999
37476 5270.588235294118
37977 5375.999999999999
38477 5152.0
38977 5040.0
39477 5142.857142857142
39976 5375.999999999999
40476 5375.999999999999
40977 5270.588235294118
41477 5375.999999999999
41977 5375.999999999999
42477 5600.0
42976 5160.7843137254895
43476 5485.714285714285
43977 5152.0
44476 5263.999999999999
44977 5375.999999999999
45477 5488.0
45977 5375.999999999999
46476 5375.999999999999
46977 5380.392156862745
47477 5485.714285714285
47977 5270.588235294118
48476 5375.999999999999
48977 5040.0
49476 5257.142857142857
49977 5160.7843137254895
50476 5485.714285714285
50977 5375.999999999999
51477 5270.588235294118
51977 5488.0
52476 5263.999999999999
52977 5375.999999999999
53477 5375.999999999999
53977 5371.428571428571
54477 5263.999999999999
54976 5263.999999999999
55477 5488.0
55977 5375.999999999999
56477 5488.0
56977 5375.999999999999
57476 5375.999999999999
57976 5263.999999999999
58476 5488.0
58977 5270.588235294118
59477 5371.428571428571
59977 5375.999999999999
60476 5375.999999999999
60977 5050.980392156863
61477 5488.0
61976 5485.714285714285
62476 5270.588235294118
62976 5375.999999999999
63477 5488.0
63977 5263.999999999999
64476 5485.714285714285
64976 5152.0
65476 5488.0
65977 4831.3725490196075
66477 5488.0
66977 5257.142857142857
67477 5380.392156862745
67977 5375.999999999999
68476 5371.428571428571
68976 5488.0
69476 5263.999999999999
69977 5263.999999999999
70477 5375.999999999999
70977 5152.0
71477 5375.999999999999
71977 5375.999999999999
72477 5160.7843137254895
72977 5488.0
73476 5371.428571428571
73977 5375.999999999999
74476 5160.7843137254895
74977 5263.999999999999
75477 5371.428571428571
75976 5270.588235294118
76476 5375.999999999999
76976 5600.0
77476 5375.999999999999
77977 5380.392156862745
78477 5485.714285714285
78977 5375.999999999999
79476 5270.588235294118
79977 5371.428571428571
80477 5160.7843137254895
80976 5485.714285714285
81476 5270.588235294118
81976 5488.0
82477 5375.999999999999
82977 5375.999999999999
83477 5600.0
83977 5160.7843137254895
84476 5485.714285714285
84977 5263.999999999999
85477 5160.7843137254895
85977 5485.714285714285
86476 5270.588235294118
86977 5375.999999999999
87477 5375.999999999999
87977 5600.0
88476 5375.999999999999
88977 5375.999999999999
89477 5488.0
89977 5270.588235294118
90477 5263.999999999999
90977 5485.714285714285
91477 5152.0
91977 5488.0
92477 5270.588235294118
92977 5375.999999999999
93476 5371.428571428571
93976 5488.0
94477 5375.999999999999
94977 5160.7843137254895
95476 5371.428571428571
95977 5263.999999999999
96476 5160.7843137254895
96976 5488.0
97477 5375.999999999999
97977 5371.428571428571
98476 5488.0
98976 5375.999999999999
99477 5380.392156862745
99977 5485.714285714285
100476 5160.7843137254895
100977 5375.999999999999
101477 5263.999999999999
101977 5263.999999999999
102477 5600.0
102977 5270.588235294118
103477 5485.714285714285
103977 5488.0
104477 5375.999999999999
104976 5160.7843137254895
105477 5375.999999999999
105977 5263.999999999999
106477 5257.142857142857
106977 5488.0
107476 5488.0
107977 5270.588235294118
108477 5485.714285714285
108977 5380.392156862745
109477 5600.0
109976 5375.999999999999
110476 5263.999999999999
110976 5270.588235294118
111477 5375.999999999999
111976 5263.999999999999
112476 5485.714285714285
112976 5488.0
113477 5270.588235294118
113977 5488.0
114476 5375.999999999999
114977 5375.999999999999
115477 5375.999999999999
115977 5371.428571428571
116476 5152.0
116977 5380.392156862745
117477 5488.0
117977 5488.0
118477 5375.999999999999
118976 5257.142857142857
119477 5270.588235294118
119976 5600.0
120476 5270.588235294118
120977 5485.714285714285
121477 5270.588235294118
121977 5375.999999999999
122476 5257.142857142857
122977 5375.999999999999
123476 5263.999999999999
123976 5488.0
124476 5375.999999999999
124977 5375.999999999999
125477 5488.0
125977 5152.0
126476 5270.588235294118
126977 5375.999999999999
127477 5600.0
127977 5152.0
128477 5488.0
128977 5375.999999999999
129477 5488.0
129977 5270.588235294118
130477 5488.0
130977 5488.0
131477 5263.999999999999
131976 5375.999999999999
132476 5485.714285714285
132976 5263.999999999999
133476 5375.999999999999
133977 5380.392156862745
134477 5600.0
134977 5375.999999999999
135477 5488.0
135976 5375.999999999999
136476 5375.999999999999
136976 5263.999999999999
137476 5375.999999999999
137977 5375.999999999999
138477 5490.1960784313715
138976 5375.999999999999
139476 5375.999999999999
139976 5600.0
140477 5375.999999999999
140977 5488.0
141477 5263.999999999999
141976 5485.714285714285
142477 5375.999999999999
142977 5270.588235294118
143476 5485.714285714285
143976 5375.999999999999
144476 5490.1960784313715
144976 5375.999999999999
145476 5485.714285714285
145976 5380.392156862745
146477 5371.428571428571
146976 5160.7843137254895
147476 4928.0
147976 5485.714285714285
148476 5160.7843137254895
148976 5600.0
149476 5160.7843137254895
149976 5600.0
150476 5488.0
150976 5375.999999999999
151476 5375.999999999999
151977 5488.0
152477 5380.392156862745
152976 5371.428571428571
153476 5375.999999999999
153976 5160.7843137254895
154476 5488.0
154976 5485.714285714285
155476 5380.392156862745
155976 5485.714285714285
156477 5488.0
156977 5488.0
157477 5270.588235294118
157976 5263.999999999999
158477 5375.999999999999
158976 5485.714285714285
159477 5380.392156862745
159977 5263.999999999999
160477 5600.0
160977 5380.392156862745
161477 5371.428571428571
161977 5600.0
162477 5375.999999999999
162977 5488.0
163477 5160.7843137254895
163977 5375.999999999999
164477 5375.999999999999
164977 5488.0
165477 5485.714285714285
165976 5488.0
166476 5375.999999999999
166976 5488.0
167476 5270.588235294118
167976 5371.428571428571
168476 5270.588235294118
168976 5600.0
169476 5270.588235294118
169976 5600.0
170476 5375.999999999999
170976 5380.392156862745
171476 5488.0
171976 5600.0
172476 5270.588235294118
172977 5485.714285714285
173476 5375.999999999999
173977 5160.7843137254895
174477 5263.999999999999
174977 5600.0
175477 5270.588235294118
175977 5488.0
176477 5488.0
176977 5488.0
177476 5371.428571428571
177976 5270.588235294118
178476 5485.714285714285
178977 5375.999999999999
179476 5488.0
179977 5375.999999999999
180477 5488.0
180976 5380.392156862745
181477 5488.0
181976 5375.999999999999
182477 5488.0
182977 5485.714285714285
183476 5375.999999999999
183977 5375.999999999999
184476 5263.999999999999
184977 5263.999999999999
185477 5488.0
185977 5375.999999999999
186476 5488.0
186976 5488.0
187476 5375.999999999999
187976 5375.999999999999
188476 5375.999999999999
188977 5160.7843137254895
189477 5257.142857142857
189977 5488.0
190477 5488.0
190976 5375.999999999999
191476 5375.999999999999
191976 5380.392156862745
192476 5375.999999999999
192976 5600.0
193477 5270.588235294118
193977 5485.714285714285
194477 5263.999999999999
194977 5375.999999999999
195477 5488.0
195977 5160.7843137254895
196477 5600.0
196977 5490.1960784313715
197477 5263.999999999999
197977 5485.714285714285
198476 5375.999999999999
198976 5270.588235294118
199476 5263.999999999999
199976 5600.0
200476 5488.0
200976 5380.392156862745
201476 5485.714285714285
201977 5263.999999999999
202477 5600.0
202977 5270.588235294118
203477 5600.0
203977 5160.7843137254895
204476 5485.714285714285
204976 5375.999999999999
205476 5375.999999999999
205976 5375.999999999999
206476 5600.0
206976 5488.0
207476 5488.0
207976 5160.7843137254895
208477 5263.999999999999
208977 5371.428571428571
209476 5380.392156862745
209976 5375.999999999999
210476 5600.0
210976 5488.0
211476 5488.0
211976 5270.588235294118
212476 5600.0
212976 5485.714285714285
213476 5488.0
213976 5488.0
214476 5375.999999999999
214976 5375.999999999999
215477 5270.588235294118
215977 5375.999999999999
216476 5371.428571428571
216976 5380.392156862745
217477 5600.0
217977 5488.0
218477 5490.1960784313715
218976 5371.428571428571
219477 5270.588235294118
219976 5375.999999999999
220477 5375.999999999999
220977 5485.714285714285
221477 5488.0
221976 5488.0
222477 5270.588235294118
222977 5600.0
223477 5488.0
223977 5488.0
224476 5375.999999999999
224976 5270.588235294118
225476 5371.428571428571
225976 5488.0
226476 5375.999999999999
226977 5270.588235294118
227476 5600.0
227977 5600.0
228476 5380.392156862745
228977 5371.428571428571
229476 5380.392156862745
229977 5257.142857142857
230476 5375.999999999999
230976 5380.392156862745
231476 5375.999999999999
231976 5600.0
232476 5488.0
232976 5488.0
233476 5375.999999999999
233977 5488.0
234476 5380.392156862745
234977 5375.999999999999
235477 5485.714285714285
235977 5263.999999999999
236477 5488.0
236977 5488.0
237476 5160.7843137254895
237977 5600.0
238477 5488.0
238977 5375.999999999999
239477 5270.588235294118
239977 5152.0
240477 5714.285714285715
240977 5270.588235294118
241477 5488.0
241977 5488.0
242477 5485.714285714285
242977 5488.0
243477 5488.0
243977 5375.999999999999
244477 5380.392156862745
244977 5600.0
245477 5270.588235294118
245977 5485.714285714285
246476 5263.999999999999
246976 5488.0
247476 5263.999999999999
247976 5600.0
248476 5375.999999999999
248976 5488.0
249476 5160.7843137254895
249976 5485.714285714285
250476 5375.999999999999
250976 5160.7843137254895
251476 5375.999999999999
251976 5488.0
252476 5485.714285714285
252977 5488.0
253476 5488.0
253976 5488.0
254476 5488.0
254976 5375.999999999999
255476 5488.0
255977 5270.588235294118
256477 5371.428571428571
256976 5380.392156862745
257476 5375.999999999999
257977 5488.0
258477 5485.714285714285
258977 5488.0
259477 5488.0
259977 5375.999999999999
260477 5375.999999999999
260977 5375.999999999999
261477 5263.999999999999
261977 5380.392156862745
262477 5600.0
262977 5488.0
263477 5488.0
263977 5270.588235294118
264477 5600.0
264977 5488.0
265477 5270.588235294118
265977 5375.999999999999
266477 5485.714285714285
266977 5270.588235294118
267477 5375.999999999999
267977 5714.285714285715
268476 5375.999999999999
268976 5600.0
269476 5270.588235294118
269976 5485.714285714285
270476 5375.999999999999
270976 5263.999999999999
271477 5380.392156862745
271977 5375.999999999999
272477 5488.0
272977 5600.0
273477 5488.0
273977 5488.0
274477 5488.0
274977 5488.0
275476 5485.714285714285
275977 5169.2307692307695
276477 5375.999999999999
276977 5485.714285714285
277476 5263.999999999999
277976 5380.392156862745
278476 5375.999999999999
278976 5600.0
279476 5488.0
279976 5380.392156862745
280476 5485.714285714285
280977 5375.999999999999
281476 5488.0
281976 5160.7843137254895
282477 5488.0
282976 5485.714285714285
283476 5490.1960784313715
283976 5488.0
284476 5375.999999999999
284976 5600.0
285476 5380.392156862745
285976 5600.0
286476 5375.999999999999
286976 5375.999999999999
287476 5270.588235294118
287977 5375.999999999999
288477 5485.714285714285
288977 5488.0
289477 5488.0
289977 5488.0
290477 5488.0
290977 5375.999999999999
291477 5375.999999999999
291977 5375.999999999999
292476 5050.980392156863
292977 5488.0
293477 5375.999999999999
293977 5488.0
294477 5488.0
294977 5488.0
295477 5375.999999999999
295977 5488.0
296477 5600.0
296977 5263.999999999999
297476 5375.999999999999
297977 5270.588235294118
298476 5488.0
298976 5488.0
299476 5488.0
299976 5600.0
300476 5380.392156862745
300977 5485.714285714285
301477 5270.588235294118
301977 5485.714285714285
302477 5375.999999999999
302977 5375.999999999999
303477 5488.0
303976 5600.0
304476 5380.392156862745
304976 5488.0
305476 5270.588235294118
305977 5714.285714285715
306476 5270.588235294118
306976 5600.0
307476 5152.0
307977 5263.999999999999
308476 5375.999999999999
308976 5263.999999999999
309477 5488.0
309976 5488.0
310476 5375.999999999999
310976 5600.0
311477 5380.392156862745
311977 5263.999999999999
312477 5488.0
312976 5263.999999999999
313477 5380.392156862745
313977 5485.714285714285
314477 5380.392156862745
314977 5600.0
315477 5270.588235294118
315977 5600.0
316477 5375.999999999999
316977 5714.285714285715
317476 5160.7843137254895
317977 5600.0
318477 5160.7843137254895
318977 5485.714285714285
319477 5375.999999999999
319977 5600.0
320477 5600.0
320977 5270.588235294118
321477 5380.392156862745
321977 5375.999999999999
322476 5371.428571428571
322976 5380.392156862745
323476 5485.714285714285
323977 5375.999999999999
324477 5488.0
324976 5600.0
325476 5375.999999999999
325977 5488.0
326477 5488.0
326976 5375.999999999999
327476 5270.588235294118
327977 5488.0
328477 5371.428571428571
328977 5375.999999999999
329477 5270.588235294118
329977 5600.0
330477 5380.392156862745
330976 5488.0
331477 5488.0
331977 5371.428571428571
332477 5263.999999999999
332977 5263.999999999999
333477 5263.999999999999
333977 5375.999999999999
334476 5270.588235294118
334976 5485.714285714285
335476 5488.0
335976 5488.0
336476 5488.0
336976 5488.0
337476 5263.999999999999
337976 5488.0
338476 5375.999999999999
338976 5263.999999999999
339476 5375.999999999999
339977 5270.588235294118
340477 5600.0
340977 5375.999999999999
341477 5488.0
341977 5488.0
342477 5488.0
342977 5263.999999999999
343476 5270.588235294118
343976 5263.999999999999
344477 5485.714285714285
344976 5380.392156862745
345477 5600.0
345976 5380.392156862745
346477 5375.999999999999
346977 5600.0
347476 5380.392156862745
347977 5375.999999999999
348477 5600.0
348976 5270.588235294118
349476 5375.999999999999
349977 5375.999999999999
350476 5375.999999999999
350976 5600.0
351476 5380.392156862745
351976 5600.0
352476 5488.0
352976 5375.999999999999
353476 5375.999999999999
353977 5263.999999999999
354477 5270.588235294118
354977 5488.0
355477 5488.0
355976 5488.0
356477 5488.0
356977 5488.0
357476 5488.0
357976 5600.0
358476 5270.588235294118
358976 5371.428571428571
359476 5375.999999999999
359976 5488.0
360477 5270.588235294118
360977 5600.0
361477 5488.0
361977 5488.0
362477 5485.714285714285
362977 5276.923076923077
363476 5375.999999999999
363976 5485.714285714285
364476 5263.999999999999
364976 5488.0
365476 5488.0
365976 5380.392156862745
366476 5375.999999999999
366976 5488.0
367476 5600.0
367976 5488.0
368476 5375.999999999999
368976 5375.999999999999
369477 5270.588235294118
369977 5375.999999999999
370477 5375.999999999999
370977 5488.0
371477 5263.999999999999
371977 5488.0
372477 5600.0
372977 5263.999999999999
373477 5270.588235294118
373977 5371.428571428571
374477 5375.999999999999
374977 5488.0
375477 5488.0
375977 5270.588235294118
376477 5485.714285714285
376977 5488.0
377477 5488.0
377977 5270.588235294118
378479 5488.0
378977 5263.999999999999
379476 5485.714285714285
379977 5375.999999999999
380477 5375.999999999999
380977 5488.0
381477 5488.0
381977 5488.0
382476 5270.588235294118
382977 5375.999999999999
383477 5488.0
383977 5485.714285714285
384477 5263.999999999999
384977 5270.588235294118
385477 5600.0
385977 5380.392156862745
386477 5600.0
386976 5270.588235294118
387476 5488.0
387976 5600.0
388476 5375.999999999999
388976 5263.999999999999
389476 5375.999999999999
389976 5160.7843137254895
390477 5488.0
390977 5142.857142857142
391477 5263.999999999999
391977 5488.0
392477 5375.999999999999
392977 5375.999999999999
393477 5160.7843137254895
393976 5263.999999999999
394477 5375.999999999999
394977 5371.428571428571
395477 5488.0
395977 5488.0
396476 5488.0
396976 5375.999999999999
397476 5488.0
397976 5380.392156862745
398476 5485.714285714285
398977 5375.999999999999
399477 5263.999999999999
399977 5375.999999999999
400477 5488.0
400977 5488.0
401477 5263.999999999999
401977 5600.0
402477 5375.999999999999
402977 5488.0
403476 5270.588235294118
403976 5263.999999999999
404476 5600.0
404977 5375.999999999999
405476 5375.999999999999
405976 5600.0
406476 5270.588235294118
406976 5488.0
407477 5600.0
407977 5380.392156862745
408476 5485.714285714285
408976 5375.999999999999
409476 5263.999999999999
409976 5375.999999999999
410477 5380.392156862745
410977 5600.0
411477 5488.0
411977 5375.999999999999
412477 5488.0
412976 5375.999999999999
413476 5263.999999999999
413976 5375.999999999999
414476 5488.0
414976 5380.392156862745
415476 5488.0
415976 5488.0
416476 5375.999999999999
416976 5600.0
417476 5488.0
417976 5488.0
418476 5160.7843137254895
418977 5600.0
419476 5160.7843137254895
419976 5600.0
420476 5160.7843137254895
420976 5600.0
421476 5375.999999999999
421976 5488.0
422477 5488.0
422977 5600.0
423476 5375.999999999999
423976 5270.588235294118
424477 5600.0
424976 5263.999999999999
425477 5488.0
425977 5375.999999999999
426476 5488.0
426977 5270.588235294118
427477 5488.0
427977 5600.0
428476 5375.999999999999
428977 5380.392156862745
429476 5483.333333333332
429976 5169.2307692307695
430477 5485.714285714285
430977 5375.999999999999
431476 5270.588235294118
431976 5375.999999999999
432476 5600.0
432976 5380.392156862745
433476 5485.714285714285
433977 5263.999999999999
434477 5375.999999999999
434976 5263.999999999999
435476 5488.0
435976 5160.7843137254895
436476 5488.0
436976 5488.0
437477 5488.0
437976 5600.0
438477 5488.0
438977 5263.999999999999
439477 5488.0
439977 5375.999999999999
440477 5270.588235294118
440977 5488.0
441467 5371.428571428571
441977 5490.1960784313715
442477 5488.0
442977 5714.285714285715
443477 5263.999999999999
443977 5375.999999999999
444476 5263.999999999999
444976 5160.7843137254895
445477 5375.999999999999
445977 5488.0
446477 5485.714285714285
446977 5375.999999999999
447476 5270.588235294118
447977 5600.0
448477 5485.714285714285
448976 5040.0
449477 3695.9999999999995
449977 5270.588235294118
450477 4914.285714285714
450977 3808.0
451476 4172.549019607844
451977 5371.428571428571
452476 5160.7843137254895
452976 5375.999999999999
453477 5485.714285714285
453977 5375.999999999999
454477 5488.0
454977 5263.999999999999
455477 5488.0
455977 5488.0
456477 5488.0
456977 5375.999999999999
457477 5488.0
457977 5270.588235294118
458477 5485.714285714285
458977 5375.999999999999
459476 5375.999999999999
459976 5488.0
460476 5263.999999999999
460976 5488.0
461476 5263.999999999999
461976 5488.0
462476 5488.0
462976 5270.588235294118
463476 5488.0
463977 5263.999999999999
464477 5371.428571428571
464977 5263.999999999999
465477 5488.0
465977 5488.0
466477 5488.0
466977 5488.0
467477 3843.1372549019607
467977 5600.0
468477 5485.714285714285
468976 5375.999999999999
469476 5263.999999999999
469976 5375.999999999999
470476 5375.999999999999
470976 5488.0
471476 5160.7843137254895
471976 5488.0
472476 5375.999999999999
472976 5600.0
473476 5375.999999999999
473976 5375.999999999999
474476 5485.714285714285
474977 5375.999999999999
475477 5270.588235294118
475977 5488.0
476477 5600.0
476977 5380.392156862745
477477 5600.0
477977 5485.714285714285
478477 5488.0
478977 5375.999999999999
479477 5270.588235294118
479977 5375.999999999999
480477 5375.999999999999
480977 5485.714285714285
481477 5380.392156862745
481977 5375.999999999999
482476 5600.0
482976 5488.0
483476 5375.999999999999
483976 5488.0
484477 5375.999999999999
484977 5160.7843137254895
485477 5488.0
485976 5488.0
486476 5485.714285714285
486976 5380.392156862745
487476 5600.0
487976 5375.999999999999
488476 5600.0
488976 5375.999999999999
489476 5488.0
489977 5160.7843137254895
490476 5375.999999999999
490976 5600.0
491476 5380.392156862745
491976 5485.714285714285
492476 5490.1960784313715
492976 5600.0
493476 5375.999999999999
493977 5488.0
494476 5270.588235294118
494976 5485.714285714285
495476 5488.0
495977 5375.999999999999
496476 5490.1960784313715
496976 5488.0
497476 5600.0
497976 5488.0
498476 5488.0
498977 5488.0
499477 5263.999999999999
499977 5600.0
500477 5270.588235294118
500977 5375.999999999999
501477 5375.999999999999
501976 5488.0
502476 5488.0
502976 5600.0
503476 5375.999999999999
503976 5488.0
504477 5488.0
504976 5263.999999999999
505477 5380.392156862745
505977 5488.0
506477 5485.714285714285
506976 5488.0
507476 5488.0
507976 5488.0
508477 5490.1960784313715
508977 5371.428571428571
509476 5488.0
509976 5485.714285714285
510477 5380.392156862745
510977 5488.0
511477 5375.999999999999
511977 5488.0
512476 5380.392156862745
512976 5152.0
513476 5375.999999999999
513976 5485.714285714285
514476 5375.999999999999
514976 5263.999999999999
515477 5488.0
515977 5160.7843137254895
516477 5600.0
516977 5375.999999999999
517477 5600.0
517977 5488.0
518477 5485.714285714285
518977 5380.392156862745
519477 5488.0
519976 5485.714285714285
520476 5488.0
520976 5375.999999999999
521476 5488.0
521976 5488.0
522477 5375.999999999999
522977 5488.0
523477 5270.588235294118
523977 5600.0
524477 5375.999999999999
524976 5485.714285714285
525476 5276.923076923077
525976 5375.999999999999
526476 5488.0
526976 5375.999999999999
527477 5600.0
527977 5488.0
528476 5270.588235294118
528976 5485.714285714285
529476 5375.999999999999
529976 5263.999999999999
530477 5380.392156862745
530976 5263.999999999999
531476 5488.0
531976 5488.0
532476 5488.0
532976 5600.0
533477 5375.999999999999
533976 5375.999999999999
534476 5380.392156862745
534976 5485.714285714285
535476 5375.999999999999
535977 5488.0
536477 5270.588235294118
536977 5600.0
537476 5488.0
537977 5375.999999999999
538477 5488.0
538977 5380.392156862745
539477 5485.714285714285
539976 5380.392156862745
540477 5375.999999999999
540977 5485.714285714285
541477 5488.0
541977 5488.0
542477 5488.0
542977 5488.0
543477 5270.588235294118
543977 5600.0
544477 5488.0
544976 5263.999999999999
545477 5488.0
545976 5488.0
546476 5375.999999999999
546976 5375.999999999999
547476 5600.0
547976 5488.0
548476 5380.392156862745
548977 5371.428571428571
549477 5488.0
549977 5380.392156862745
550477 5485.714285714285
550977 5270.588235294118
551477 5375.999999999999
551977 5488.0
552477 5488.0
552977 5714.285714285715
553477 5160.7843137254895
553976 5600.0
554476 5270.588235294118
554976 5485.714285714285
555476 5488.0
555976 5375.999999999999
556476 5380.392156862745
556976 5488.0
557476 5488.0
557976 5485.714285714285
558476 5600.0
558976 5375.999999999999
559477 5488.0
559976 5488.0
560476 5263.999999999999
560977 5380.392156862745
561477 5600.0
561977 5380.392156862745
562477 5380.392156862745
562977 5488.0
563477 5485.714285714285
563977 5600.0
564477 5169.2307692307695
564976 5485.714285714285
565476 5380.392156862745
565977 5488.0
566476 5485.714285714285
566976 5488.0
567476 5488.0
567976 5375.999999999999
568476 5488.0
568977 4816.0
569477 4255.999999999999
569977 5375.999999999999
570476 5375.999999999999
570976 5488.0
571476 5375.999999999999
571976 5485.714285714285
572477 5384.615384615384
572976 5485.714285714285
573476 5488.0
573976 5270.588235294118
574476 5488.0
574976 5485.714285714285
575476 5270.588235294118
575976 5600.0
576477 5380.392156862745
576977 5488.0
577477 5488.0
577977 5257.142857142857
578477 5380.392156862745
578977 5371.428571428571
579477 5263.999999999999
579976 5380.392156862745
580477 5371.428571428571
580977 5488.0
581476 5375.999999999999
581976 5488.0
582477 5380.392156862745
582977 5371.428571428571
583476 5375.999999999999
583977 5488.0
584476 5270.588235294118
584976 5600.0
585477 5375.999999999999
585977 5270.588235294118
586477 5485.714285714285
586977 5490.1960784313715
587476 5600.0
587976 5270.588235294118
588476 5600.0
588977 5488.0
589477 5375.999999999999
589977 5380.392156862745
590477 5375.999999999999
590976 5375.999999999999
591476 5488.0
591976 5488.0
592476 5488.0
592976 5488.0
593477 5375.999999999999
593977 5600.0
594477 5270.588235294118
594977 5485.714285714285
595477 5375.999999999999
595976 5488.0
596476 5270.588235294118
596976 5488.0
597476 5488.0
597976 5600.0
598476 5488.0
598976 5375.999999999999
599476 5380.392156862745
599976 5152.0
600477 5485.714285714285
600977 5375.999999999999
601476 5375.999999999999
601977 5488.0
602477 5380.392156862745
602977 5488.0
603476 5488.0
603976 5375.999999999999
604476 5600.0
604980 5263.999999999999
605476 5257.142857142857
605976 5160.7843137254895
606476 5488.0
606976 5375.999999999999
607476 5270.588235294118
607976 5600.0
608476 5488.0
608976 5600.0
609476 5375.999999999999
609976 5488.0
610476 5263.999999999999
610977 5375.999999999999
611477 5488.0
611977 5380.392156862745
612477 5600.0
612977 5488.0
613476 5375.999999999999
613976 5488.0
614476 5375.999999999999
614976 5488.0
615477 5375.999999999999
615977 5488.0
616476 5270.588235294118
616977 5371.428571428571
617477 5490.1960784313715
617977 5488.0
618476 5488.0
618976 5600.0
619477 5375.999999999999
619977 5488.0
620477 5375.999999999999
620977 5375.999999999999
621476 5485.714285714285
621977 5276.923076923077
622476 5488.0
622976 5375.999999999999
623476 5485.714285714285
623976 5380.392156862745
624477 5485.714285714285
624977 5270.588235294118
625477 5375.999999999999
625976 5375.999999999999
626476 5600.0
626976 5380.392156862745
627476 5488.0
627976 5488.0
628476 5600.0
628976 5375.999999999999
629476 5600.0
629977 5160.7843137254895
630477 5488.0
630977 5600.0
631477 5375.999999999999
631977 5488.0
632477 5375.999999999999
632977 5600.0
633477 5160.7843137254895
633977 5600.0
634477 5375.999999999999
634976 5488.0
635476 5380.392156862745
635976 5485.714285714285
636476 5380.392156862745
636976 5375.999999999999
637476 5600.0
637977 5375.999999999999
638477 5714.285714285715
638977 5375.999999999999
639477 5375.999999999999
639977 5375.999999999999
640477 5488.0
640977 5488.0
641476 5375.999999999999
641976 5488.0
642476 5488.0
642976 5380.392156862745
643476 5375.999999999999
643976 5485.714285714285
644476 5488.0
644976 5375.999999999999
645476 5488.0
645977 5488.0
646480 5375.999999999999
646977 5380.392156862745
647476 5485.714285714285
647976 5600.0
648476 5488.0
648976 5375.999999999999
649476 5375.999999999999
649976 5263.999999999999
650477 5488.0
650977 5375.999999999999
651476 5375.999999999999
651976 5380.392156862745
652477 5600.0
652977 5380.392156862745
653477 5375.999999999999
653977 5600.0
654477 5375.999999999999
654976 5270.588235294118
655476 5485.714285714285
655976 5375.999999999999
656476 5490.1960784313715
656976 5485.714285714285
657476 5600.0
657976 5375.999999999999
658476 5600.0
658976 5375.999999999999
659476 5375.999999999999
659976 5488.0
660477 5160.7843137254895
660977 5488.0
661476 5488.0
661976 5488.0
662477 5600.0
662976 5488.0
663476 5375.999999999999
663976 5375.999999999999
664476 5488.0
664976 5488.0
665476 5270.588235294118
665976 5263.999999999999
666477 5600.0
666977 5488.0
667477 5380.392156862745
667977 5488.0
668477 5714.285714285715
668977 5263.999999999999
669477 5488.0
669976 5488.0
670476 5375.999999999999
670976 5488.0
671476 5160.7843137254895
671977 5600.0
672477 5485.714285714285
672977 5488.0
673476 5380.392156862745
673980 5375.999999999999
674476 5375.999999999999
674976 5375.999999999999
675476 5485.714285714285
675976 5270.588235294118
676476 5714.285714285715
676976 5488.0
677476 5375.999999999999
677976 5488.0
678476 5270.588235294118
678976 5371.428571428571
679477 5375.999999999999
679977 5160.7843137254895
680476 5488.0
680977 5263.999999999999
681476 5485.714285714285
681976 5488.0
682477 5488.0
682977 5488.0
683476 5375.999999999999
683977 5488.0
684477 5263.999999999999
684977 5488.0
685477 5270.588235294118
685976 5485.714285714285
686476 5488.0
686977 5270.588235294118
687477 5488.0
687977 5600.0
688477 5600.0
688977 5263.999999999999
689476 5490.1960784313715
689976 5485.714285714285
690477 5375.999999999999
690976 5488.0
691477 5263.999999999999
691976 5380.392156862745
692476 5600.0
692976 5488.0
693477 5380.392156862745
693977 5375.999999999999
694477 5485.714285714285
694976 5375.999999999999
695476 5488.0
695976 5263.999999999999
696476 5600.0
696976 5380.392156862745
697476 5490.1960784313715
697976 5600.0
698476 5380.392156862745
698977 5371.428571428571
699477 5490.1960784313715
699977 5375.999999999999
700477 5600.0
700976 5375.999999999999
701476 5375.999999999999
701976 5488.0
702476 5380.392156862745
702976 5488.0
703477 5375.999999999999
703977 5600.0
704477 4928.0
704977 5050.980392156863
705477 5485.714285714285
705977 5375.999999999999
706477 5488.0
706977 5488.0
707476 5263.999999999999
707976 5380.392156862745
708476 5600.0
708976 5375.999999999999
709476 5488.0
709976 5485.714285714285
710476 5384.615384615384
710976 5375.999999999999
711476 5488.0
711976 5485.714285714285
712476 5270.588235294118
712976 5488.0
713476 5600.0
713976 5380.392156862745
714477 5270.588235294118
714977 5600.0
715477 5380.392156862745
715977 5488.0
716477 5263.999999999999
716977 5485.714285714285
717477 5375.999999999999
717977 5490.1960784313715
718477 5485.714285714285
718977 5263.999999999999
719477 5380.392156862745
719977 5488.0
720477 5485.714285714285
720977 5488.0
721476 5375.999999999999
721976 5488.0
722477 5375.999999999999
722977 5380.392156862745
723476 5485.714285714285
723976 5488.0
724476 5270.588235294118
724976 5488.0
725477 5488.0
725977 5485.714285714285
726477 5488.0
726977 5375.999999999999
727477 5380.392156862745
727976 5142.857142857142
728476 5160.7843137254895
728977 5375.999999999999
729476 5600.0
729976 5488.0
730476 5375.999999999999
730976 5490.1960784313715
731476 5600.0
731977 5375.999999999999
732477 5270.588235294118
732977 5488.0
733476 5375.999999999999
733977 5485.714285714285
734476 5380.392156862745
734977 5488.0
735477 5714.285714285715
735976 5375.999999999999
736477 5270.588235294118
736976 5600.0
737477 5488.0
737977 5485.714285714285
738477 5276.923076923077
738977 5488.0
739476 5485.714285714285
739977 5488.0
740477 5270.588235294118
740976 5714.285714285715
741476 5488.0
741976 5375.999999999999
742476 5488.0
742976 5375.999999999999
743476 5375.999999999999
743976 5270.588235294118
744476 5375.999999999999
744976 5600.0
745476 5490.1960784313715
745976 5485.714285714285
746476 5490.1960784313715
746976 5371.428571428571
747476 5270.588235294118
747977 5488.0
748477 5485.714285714285
748977 5270.588235294118
749476 5257.142857142857
749976 5160.7843137254895
750476 5371.428571428571
750977 5600.0
751476 5375.999999999999
751976 5490.1960784313715
752477 5485.714285714285
752977 5488.0
753477 5160.7843137254895
753976 5600.0
754476 5160.7843137254895
754976 5600.0
755476 5488.0
755976 5488.0
756476 5380.392156862745
756977 5485.714285714285
757477 5380.392156862745
757977 5600.0
758477 5375.999999999999
758977 5488.0
759477 5375.999999999999
759976 5375.999999999999
760477 5600.0
760976 5488.0
761476 5488.0
761976 5375.999999999999
762476 5600.0
762977 5263.999999999999
763477 5375.999999999999
763977 5488.0
764476 5375.999999999999
764976 5375.999999999999
765476 5600.0
765977 5375.999999999999
766477 5600.0
766977 5375.999999999999
767476 5488.0
767976 5375.999999999999
768477 5380.392156862745
768976 5485.714285714285
769476 5488.0
769976 5375.999999999999
770476 5488.0
770977 5488.0
771477 5600.0
771977 5270.588235294118
772477 5600.0
772977 5600.0
773477 5263.999999999999
773976 5375.999999999999
774476 5160.7843137254895
774976 5714.285714285715
775476 5270.588235294118
775980 5488.0
776476 5485.714285714285
776976 5600.0
777476 5488.0
777976 5270.588235294118
778476 5600.0
778977 5270.588235294118
779477 5600.0
779977 5263.999999999999
780476 5488.0
780976 5375.999999999999
781476 5488.0
781976 5600.0
782476 5375.999999999999
782977 5488.0
783476 5375.999999999999
783976 5380.392156862745
784476 5371.428571428571
784977 5380.392156862745
785476 5600.0
785976 5488.0
786476 5380.392156862745
786976 5485.714285714285
787476 5375.999999999999
787976 5488.0
788477 5380.392156862745
788977 5371.428571428571
789477 5488.0
789977 5375.999999999999
790476 5488.0
790976 5488.0
791476 5488.0
791976 5380.392156862745
792476 5600.0
792976 5488.0
793476 5263.999999999999
793976 5380.392156862745
794476 5371.428571428571
794976 5600.0
795476 5375.999999999999
795976 5380.392156862745
796476 5600.0
796976 5600.0
797477 5488.0
797977 5375.999999999999
798477 5380.392156862745
798977 5263.999999999999
799476 5485.714285714285
799977 5375.999999999999
800476 5375.999999999999
800976 5600.0
801476 5375.999999999999
801976 5488.0
802477 5380.392156862745
802976 5485.714285714285
803477 5488.0
803976 5375.999999999999
804476 5270.588235294118
804977 5600.0
805478 5276.923076923077
805976 5375.999999999999
806477 5488.0
806977 5375.999999999999
807477 5600.0
807977 5485.714285714285
808477 5380.392156862745
808977 5371.428571428571
809476 5375.999999999999
809977 5160.7843137254895
810476 5600.0
810978 5375.999999999999
811479 5380.392156862745
811976 5488.0
812480 5485.714285714285
812977 5375.999999999999
813476 5263.999999999999
813977 5375.999999999999
814477 5263.999999999999
814977 5270.588235294118
815477 5485.714285714285
815976 5488.0
816477 5375.999999999999
816977 5375.999999999999
817477 5488.0
817977 5380.392156862745
818476 5600.0
818976 5270.588235294118
819476 5485.714285714285
819977 5152.0
820477 5380.392156862745
820976 5488.0
821476 5371.428571428571
821977 5600.0
822476 5263.999999999999
822977 5600.0
823476 5160.7843137254895
823976 5488.0
824476 5371.428571428571
824976 5152.0
825477 5375.999999999999
825976 5263.999999999999
826476 5490.1960784313715
826976 5485.714285714285
827476 5488.0
827976 5488.0
828476 5488.0
828976 5380.392156862745
829477 5371.428571428571
829977 5375.999999999999
830477 5270.588235294118
830977 5375.999999999999
831477 5714.285714285715
831977 5375.999999999999
832479 5380.392156862745
832976 5375.999999999999
833476 5600.0
833977 5375.999999999999
834476 5375.999999999999
834976 5380.392156862745
835476 5485.714285714285
835976 5160.7843137254895
836476 5375.999999999999
836976 5600.0
837477 5380.392156862745
837977 5371.428571428571
838477 5490.1960784313715
838977 5485.714285714285
839477 5488.0
839977 5263.999999999999
840476 5380.392156862745
840976 5600.0
841476 5488.0
841976 5160.7843137254895
842476 5600.0
842977 5714.285714285715
843476 5263.999999999999
843976 5375.999999999999
844477 5488.0
844977 5375.999999999999
845476 5488.0
845977 5380.392156862745
846477 5263.999999999999
846976 5488.0
847476 5600.0
847976 5488.0
848476 5488.0
848976 5160.7843137254895
849477 5600.0
849977 5160.7843137254895
850477 5488.0
850976 5600.0
851476 5488.0
851976 5375.999999999999
852476 5600.0
852977 5375.999999999999
853477 5375.999999999999
853977 5488.0
854477 5488.0
854976 5488.0
855476 5270.588235294118
855976 5371.428571428571
856476 5050.980392156863
856976 5488.0
857476 5485.714285714285
857977 5600.0
858477 5488.0
858977 5270.588235294118
859477 5488.0
859977 5371.428571428571
860476 5488.0
860976 5375.999999999999
861476 5375.999999999999
861976 5488.0
862477 5488.0
862977 5488.0
863477 5375.999999999999
863977 5488.0
864477 5380.392156862745
864977 5485.714285714285
865476 5490.1960784313715
865976 5488.0
866476 5375.999999999999
866976 5600.0
867476 5488.0
867977 5375.999999999999
868477 5488.0
868977 5488.0
869477 5380.392156862745
869977 5375.999999999999
870477 5488.0
870976 5600.0
871477 5270.588235294118
871977 5600.0
872477 5375.999999999999
872976 5488.0
873476 5375.999999999999
873976 5380.392156862745
874476 5485.714285714285
874976 5380.392156862745
875476 5600.0
875976 5600.0
876476 5270.588235294118
876977 5488.0
877476 5485.714285714285
877976 5375.999999999999
878476 5488.0
878976 5488.0
879477 5160.7843137254895
879976 5485.714285714285
880476 5375.999999999999
880976 5488.0
881477 5488.0
881977 5375.999999999999
882476 5380.392156862745
882976 5375.999999999999
883476 5600.0
883977 5270.588235294118
884476 5485.714285714285
884976 5600.0
885476 5276.923076923077
885976 5488.0
886476 5600.0
886977 5270.588235294118
887477 5485.714285714285
887977 5488.0
888477 5600.0
888977 5169.2307692307695
889477 5485.714285714285
889977 5380.392156862745
890477 5600.0
890977 5375.999999999999
891477 5600.0
891976 5263.999999999999
892476 5600.0
