0 0.0
480 339.3939393939394
980 439.2156862745097
1481 0.0
1980 0.0
2480 0.0
2980 3657.1428571428564
3490 4953.846153846153
3980 5371.428571428571
4480 5371.428571428571
4981 5375.999999999999
5480 5160.7843137254895
5980 5371.428571428571
6480 5263.999999999999
6981 5050.980392156863
7480 5263.999999999999
7980 5375.999999999999
8480 5263.999999999999
8980 5263.999999999999
9480 5263.999999999999
9981 5375.999999999999
10480 2687.9999999999995
10980 0.0
11480 0.0
11980 0.0
12481 2415.6862745098038
12981 5371.428571428571
13481 4392.156862745098
13981 0.0
14480 0.0
14980 0.0
15480 0.0
15980 0.0
16480 559.9999999999999
16980 0.0
17480 0.0
17980 0.0
18480 0.0
18980 0.0
19480 4914.285714285714
19980 5380.392156862745
20480 5485.714285714285
20980 5270.588235294118
21480 5375.999999999999
21980 5257.142857142857
22480 5160.7843137254895
22980 5485.714285714285
23481 5263.999999999999
23980 5263.999999999999
24480 5375.999999999999
24980 5375.999999999999
25480 5263.999999999999
25980 5375.999999999999
26480 5160.7843137254895
26980 5371.428571428571
27480 5270.588235294118
27980 5142.857142857142
28480 5375.999999999999
28980 5263.999999999999
29480 5263.999999999999
29981 5375.999999999999
30480 5375.999999999999
30980 5270.588235294118
31480 5488.0
31980 5371.428571428571
32480 5152.0
32981 5263.999999999999
33481 5160.7843137254895
33980 5375.999999999999
34480 5485.714285714285
34980 5375.999999999999
35480 5375.999999999999
35980 5375.999999999999
36480 5375.999999999999
36980 5263.999999999999
37480 5050.980392156863
37980 5375.999999999999
38480 5263.999999999999
38980 5488.0
39480 5263.999999999999
39980 5488.0
40480 5488.0
40980 5375.999999999999
41480 5485.714285714285
41980 5160.7843137254895
42480 5485.714285714285
42980 5263.999999999999
43480 5375.999999999999
43981 5375.999999999999
44481 5270.588235294118
44980 5485.714285714285
45480 5375.999999999999
45980 5375.999999999999
46481 5270.588235294118
46980 5263.999999999999
47480 5263.999999999999
47980 5371.428571428571
48480 5270.588235294118
48980 5375.999999999999
49480 5600.0
49980 5375.999999999999
50480 5270.588235294118
50980 5375.999999999999
51480 5485.714285714285
51980 5488.0
52480 5263.999999999999
52980 5160.7843137254895
53480 5371.428571428571
53980 5263.999999999999
54480 5270.588235294118
54980 5488.0
55480 5375.999999999999
55980 5600.0
56480 5375.999999999999
56980 5270.588235294118
57480 5371.428571428571
57980 5263.999999999999
58480 5160.7843137254895
58980 5485.714285714285
59480 5375.999999999999
59980 5263.999999999999
60480 3843.1372549019607
60980 5375.999999999999
61480 5263.999999999999
61980 5371.428571428571
62481 5160.7843137254895
62980 5142.857142857142
63480 5270.588235294118
63980 5040.0
64480 5371.428571428571
64980 5160.7843137254895
65483 5375.999999999999
65980 5257.142857142857
66480 5270.588235294118
66984 5263.999999999999
67480 5152.0
67984 5263.999999999999
68480 5263.999999999999
68980 5257.142857142857
69480 5152.0
69980 5270.588235294118
70480 5375.999999999999
70980 5485.714285714285
71480 5152.0
71980 5488.0
72480 5050.980392156863
72981 5257.142857142857
73480 5270.588235294118
73981 5263.999999999999
74481 5485.714285714285
74980 5160.7843137254895
75480 5375.999999999999
75980 5488.0
76480 5371.428571428571
76981 5263.999999999999
77480 5152.0
77980 5375.999999999999
78480 5270.588235294118
78980 5485.714285714285
79480 5263.999999999999
79980 5488.0
80480 5270.588235294118
80981 5488.0
81480 5485.714285714285
81980 5375.999999999999
82480 5380.392156862745
82980 5371.428571428571
83480 5375.999999999999
83980 5263.999999999999
84480 5375.999999999999
84980 5263.999999999999
85480 5380.392156862745
85980 5375.999999999999
86480 5375.999999999999
86982 5488.0
87480 5485.714285714285
87980 5050.980392156863
88480 5600.0
88980 5152.0
89480 5263.999999999999
89980 5263.999999999999
90480 5488.0
90980 5263.999999999999
91480 5380.392156862745
91980 5375.999999999999
92480 5488.0
92980 5488.0
93480 5257.142857142857
93980 5263.999999999999
94480 5375.999999999999
94980 5270.588235294118
95480 5263.999999999999
95980 5485.714285714285
96480 5380.392156862745
96980 5485.714285714285
97480 5488.0
97980 5375.999999999999
98480 5375.999999999999
98980 5040.0
99480 5160.7843137254895
99980 5375.999999999999
100480 5375.999999999999
100980 5488.0
101480 5375.999999999999
101980 5152.0
102480 5375.999999999999
102980 5485.714285714285
103480 5270.588235294118
103980 5371.428571428571
104480 5263.999999999999
104980 5160.7843137254895
105480 5375.999999999999
105980 5263.999999999999
106480 5488.0
106980 5375.999999999999
107480 5375.999999999999
107980 5485.714285714285
108480 5375.999999999999
108980 5050.980392156863
109480 5375.999999999999
109981 5488.0
110480 5263.999999999999
110980 5600.0
111480 5375.999999999999
111981 5375.999999999999
112480 5380.392156862745
112980 5485.714285714285
113480 5488.0
113981 5270.588235294118
114480 4685.714285714286
114981 5152.0
115480 5160.7843137254895
115980 5371.428571428571
116480 5488.0
116980 5270.588235294118
117480 5375.999999999999
117980 5488.0
118481 5375.999999999999
118980 5488.0
119480 5371.428571428571
119980 5270.588235294118
120481 5263.999999999999
120980 5485.714285714285
121480 5380.392156862745
121980 5375.999999999999
122480 5488.0
122980 5375.999999999999
123480 5485.714285714285
123981 5270.588235294118
124480 5485.714285714285
124980 5270.588235294118
125480 5152.0
125981 5375.999999999999
126480 5485.714285714285
126980 5488.0
127480 5375.999999999999
127980 5160.7843137254895
128480 5600.0
128980 5270.588235294118
129480 5485.714285714285
129980 5375.999999999999
130480 5375.999999999999
130980 5263.999999999999
131480 5490.1960784313715
131980 5485.714285714285
132480 5488.0
132980 5380.392156862745
133480 5485.714285714285
133980 5488.0
134481 5270.588235294118
134980 5371.428571428571
135480 5160.7843137254895
135981 5485.714285714285
136480 5270.588235294118
136980 5600.0
137481 5375.999999999999
137980 5263.999999999999
138480 5375.999999999999
138980 5152.0
139480 5270.588235294118
139980 5152.0
140480 5485.714285714285
140980 5380.392156862745
141480 5485.714285714285
141980 5270.588235294118
142480 5488.0
142980 5600.0
143480 5380.392156862745
143981 5263.999999999999
144480 5488.0
144980 5488.0
145480 5263.999999999999
145981 5375.999999999999
146480 5485.714285714285
146980 5263.999999999999
147480 5380.392156862745
147980 5375.999999999999
148480 5263.999999999999
148980 5714.285714285715
149480 5160.7843137254895
149980 5263.999999999999
150480 5371.428571428571
150980 5263.999999999999
151480 5380.392156862745
151980 5257.142857142857
152480 5490.1960784313715
152980 5375.999999999999
153481 5600.0
153980 5488.0
154481 5270.588235294118
154981 5485.714285714285
155480 5380.392156862745
155980 5485.714285714285
156480 5263.999999999999
156980 5270.588235294118
157480 5375.999999999999
157980 5488.0
158480 5488.0
158980 5485.714285714285
159480 5380.392156862745
159980 5485.714285714285
160480 5263.999999999999
160980 5488.0
161480 5160.7843137254895
161980 5375.999999999999
162480 5600.0
162980 5375.999999999999
163481 5488.0
163980 5488.0
164480 5263.999999999999
164980 5600.0
165480 5270.588235294118
165980 5485.714285714285
166480 5263.999999999999
166980 5263.999999999999
167480 5488.0
167980 5375.999999999999
168480 5488.0
168980 5488.0
169480 5152.0
169980 5152.0
170480 5160.7843137254895
170980 5485.714285714285
171480 5270.588235294118
171980 5375.999999999999
172480 5600.0
172980 5270.588235294118
173480 5600.0
173980 5375.999999999999
174480 5488.0
174980 5375.999999999999
175480 5380.392156862745
175980 5375.999999999999
176481 5263.999999999999
176980 5600.0
177480 5160.7843137254895
177980 5485.714285714285
178480 5375.999999999999
178980 5488.0
179481 5488.0
179981 5488.0
180481 5375.999999999999
180980 5375.999999999999
181480 5270.588235294118
181980 5485.714285714285
182480 5270.588235294118
182980 5263.999999999999
183480 5714.285714285715
183980 5380.392156862745
184480 5600.0
184980 5375.999999999999
185481 5380.392156862745
185980 5488.0
186480 5263.999999999999
186980 5485.714285714285
187480 5375.999999999999
187980 5263.999999999999
188480 5380.392156862745
188980 5375.999999999999
189480 5488.0
189980 5600.0
190480 5380.392156862745
190980 5600.0
191480 5160.7843137254895
191980 5485.714285714285
192480 5160.7843137254895
192980 5488.0
193480 5485.714285714285
193980 5270.588235294118
194480 5714.285714285715
194980 5488.0
195480 5488.0
195980 5263.999999999999
196480 5375.999999999999
196980 5263.999999999999
197480 5270.588235294118
197980 5375.999999999999
198480 5375.999999999999
198980 5375.999999999999
199480 5600.0
199980 5488.0
200480 5380.392156862745
200980 5263.999999999999
201480 5375.999999999999
201980 5375.999999999999
202480 5371.428571428571
202980 5160.7843137254895
203480 5488.0
203980 5485.714285714285
204480 5488.0
204980 5160.7843137254895
205480 5488.0
205980 5263.999999999999
206480 5488.0
206980 5488.0
207480 5375.999999999999
207980 5371.428571428571
208480 5263.999999999999
208980 5375.999999999999
209480 5488.0
209980 5375.999999999999
210480 5488.0
210980 5380.392156862745
211480 5263.999999999999
211980 5600.0
212480 5375.999999999999
212980 5263.999999999999
213480 5270.588235294118
213980 5485.714285714285
214480 5488.0
214980 5488.0
215480 5375.999999999999
215980 5600.0
216480 5375.999999999999
216980 5380.392156862745
217480 5375.999999999999
217980 5485.714285714285
218480 5152.0
218981 5270.588235294118
219480 5600.0
219980 5270.588235294118
220481 5600.0
220980 5490.1960784313715
221480 5485.714285714285
221980 5380.392156862745
222480 5371.428571428571
222980 5375.999999999999
223480 5270.588235294118
223980 5600.0
224480 5375.999999999999
224980 5600.0
225480 5375.999999999999
225980 5488.0
226480 5380.392156862745
226980 5488.0
227480 5488.0
227980 5485.714285714285
228480 5375.999999999999
228980 5270.588235294118
229480 5371.428571428571
229980 5488.0
230480 5375.999999999999
230980 5600.0
231480 5375.999999999999
231980 5488.0
232480 5270.588235294118
232980 5488.0
233480 5485.714285714285
233980 5270.588235294118
234480 5257.142857142857
234981 5380.392156862745
235480 5600.0
235980 5488.0
236480 5270.588235294118
236980 5485.714285714285
237480 5600.0
237980 5375.999999999999
238480 5375.999999999999
238980 5270.588235294118
239480 5375.999999999999
239981 5375.999999999999
240480 5488.0
240980 5488.0
241480 5600.0
241980 5375.999999999999
242480 5375.999999999999
242980 5488.0
243480 5270.588235294118
243980 5375.999999999999
244480 5371.428571428571
244980 5375.999999999999
245481 5380.392156862745
245980 5714.285714285715
246480 5375.999999999999
246980 5488.0
247480 5380.392156862745
247980 5375.999999999999
248480 5485.714285714285
248980 5152.0
249480 5263.999999999999
249981 5270.588235294118
250480 5488.0
250980 5488.0
251481 5485.714285714285
251980 5380.392156862745
252481 5600.0
252980 5270.588235294118
253480 5485.714285714285
253980 5263.999999999999
254480 5485.714285714285
254980 5380.392156862745
255480 5375.999999999999
255980 5380.392156862745
256480 5485.714285714285
256980 5380.392156862745
257480 5488.0
257981 5600.0
258480 5263.999999999999
258980 5375.999999999999
259480 5485.714285714285
259980 5380.392156862745
260480 5375.999999999999
260980 5488.0
261480 5375.999999999999
261980 5600.0
262480 5488.0
262980 5270.588235294118
263480 5485.714285714285
263980 5270.588235294118
264480 5371.428571428571
264980 5488.0
265480 5488.0
265980 5380.392156862745
266480 5375.999999999999
266980 5488.0
267481 5600.0
267980 5375.999999999999
268480 5488.0
268980 5600.0
269480 5270.588235294118
269980 5263.999999999999
270480 5488.0
270980 5160.7843137254895
271480 5488.0
271980 5488.0
272480 5488.0
272980 5485.714285714285
273480 5488.0
273980 5270.588235294118
274480 5485.714285714285
274980 5263.999999999999
275480 5488.0
275980 5263.999999999999
276480 5270.588235294118
276980 5600.0
277480 5488.0
277980 5485.714285714285
278480 5490.1960784313715
278980 5485.714285714285
279480 5375.999999999999
279980 5375.999999999999
280480 5375.999999999999
280980 5375.999999999999
281480 5270.588235294118
281980 5600.0
282480 5488.0
282980 5488.0
283480 5380.392156862745
283980 5263.999999999999
284480 5375.999999999999
284980 5375.999999999999
285480 5600.0
285980 5270.588235294118
286480 5375.999999999999
286980 5714.285714285715
287480 5375.999999999999
287980 5488.0
288480 5490.1960784313715
288980 5375.999999999999
289480 5485.714285714285
289980 5375.999999999999
290480 5263.999999999999
290980 5488.0
291480 5488.0
291980 5375.999999999999
292480 5270.588235294118
292980 5600.0
293480 5375.999999999999
293980 5600.0
294480 5160.7843137254895
294980 5485.714285714285
295480 5263.999999999999
295980 5375.999999999999
296480 5488.0
296980 5380.392156862745
297480 5488.0
297980 5485.714285714285
298480 5375.999999999999
298980 5488.0
299480 5488.0
299980 5488.0
300480 5050.980392156863
300981 5485.714285714285
301480 5160.7843137254895
301980 5263.999999999999
302480 5488.0
302980 5485.714285714285
303480 5488.0
303980 5488.0
304480 5270.588235294118
304980 5485.714285714285
305480 5380.392156862745
305980 5371.428571428571
306480 5263.999999999999
306980 5270.588235294118
307481 5485.714285714285
307980 5488.0
308480 5375.999999999999
308980 5380.392156862745
309480 5488.0
309980 5371.428571428571
310480 5488.0
310980 5270.588235294118
311480 5371.428571428571
311980 5270.588235294118
312480 5485.714285714285
312980 5488.0
313480 5488.0
313980 5380.392156862745
314480 5485.714285714285
314980 5375.999999999999
315480 5380.392156862745
315980 5263.999999999999
316480 5375.999999999999
316980 5488.0
317480 5600.0
317980 5488.0
318480 5375.999999999999
318980 5488.0
319480 5488.0
319980 5270.588235294118
320480 5600.0
320980 5263.999999999999
321480 5270.588235294118
321980 5488.0
322480 5485.714285714285
322980 5488.0
323480 5488.0
323980 5380.392156862745
324480 5488.0
324980 5371.428571428571
325480 5380.392156862745
325980 5152.0
326480 5371.428571428571
326980 5488.0
327480 5375.999999999999
327980 5488.0
328480 5488.0
328980 5375.999999999999
329480 5488.0
329980 5600.0
330480 5270.588235294118
330980 5488.0
331480 5270.588235294118
331980 5485.714285714285
332480 5375.999999999999
332980 5380.392156862745
333480 5371.428571428571
333980 5488.0
334480 5488.0
334980 5270.588235294118
335480 5488.0
335980 5375.999999999999
336480 5485.714285714285
336980 5375.999999999999
337480 5375.999999999999
337980 5488.0
338480 5270.588235294118
338980 5488.0
339480 5488.0
339980 5600.0
340480 5488.0
340980 5375.999999999999
341480 5270.588235294118
341980 5600.0
342480 5270.588235294118
342980 5375.999999999999
343480 5485.714285714285
343980 5488.0
344480 5270.588235294118
344980 5714.285714285715
345480 5270.588235294118
345980 5375.999999999999
346480 5485.714285714285
346980 5270.588235294118
347480 5375.999999999999
347980 5488.0
348480 5375.999999999999
348980 5600.0
349480 5488.0
349980 5600.0
350480 5380.392156862745
350980 5380.392156862745
351480 5485.714285714285
351980 5270.588235294118
352480 5485.714285714285
352980 5375.999999999999
353480 5270.588235294118
353980 5600.0
354480 5485.714285714285
354980 5488.0
355480 5488.0
355980 5270.588235294118
356480 5375.999999999999
356980 5375.999999999999
357480 5152.0
357980 5485.714285714285
358480 5375.999999999999
358980 5488.0
359480 5488.0
359980 5380.392156862745
360480 5488.0
360980 5488.0
361480 5485.714285714285
361980 5375.999999999999
362480 5375.999999999999
362980 5263.999999999999
363480 5490.1960784313715
363980 5485.714285714285
364480 5380.392156862745
364980 5488.0
365480 5600.0
365980 5375.999999999999
366480 5270.588235294118
366980 5488.0
367480 5371.428571428571
367981 5488.0
368480 5488.0
368980 5375.999999999999
369480 5488.0
369980 5380.392156862745
370480 5600.0
370980 5488.0
371481 5375.999999999999
371980 5270.588235294118
372480 5485.714285714285
372980 5375.999999999999
373480 5488.0
373980 5488.0
374480 5270.588235294118
374980 5488.0
375480 5488.0
375980 5375.999999999999
376480 5142.857142857142
376980 5152.0
377481 5270.588235294118
377980 5485.714285714285
378480 5375.999999999999
378980 5380.392156862745
379480 5600.0
379980 5488.0
380480 5600.0
380980 5375.999999999999
381480 5270.588235294118
381980 5485.714285714285
382481 5270.588235294118
382980 5375.999999999999
383480 5600.0
383980 5160.7843137254895
384480 5600.0
384980 5270.588235294118
385480 5488.0
385980 5142.857142857142
386480 5485.714285714285
386980 5160.7843137254895
387480 5488.0
387980 5270.588235294118
388480 5600.0
388980 5270.588235294118
389480 5485.714285714285
389980 5270.588235294118
390480 5488.0
390980 5375.999999999999
391480 5485.714285714285
391980 5375.999999999999
392481 5270.588235294118
392980 5263.999999999999
393480 5600.0
393980 5488.0
394480 5488.0
394980 5488.0
395480 5270.588235294118
395980 5488.0
396480 5375.999999999999
396980 5485.714285714285
397480 5263.999999999999
397980 5488.0
398480 5488.0
398980 5488.0
399480 5270.588235294118
399980 5600.0
400480 5600.0
400980 5375.999999999999
401480 5380.392156862745
401980 5263.999999999999
402480 5600.0
402980 5263.999999999999
403480 5488.0
403980 5488.0
404480 5380.392156862745
404980 5488.0
405480 5488.0
405980 5375.999999999999
406480 5485.714285714285
406980 5263.999999999999
407480 5488.0
407980 5375.999999999999
408480 5488.0
408980 5270.588235294118
409480 5488.0
409980 5600.0
410480 5600.0
410980 5380.392156862745
411480 5263.999999999999
411980 5375.999999999999
412480 5485.714285714285
412980 5263.999999999999
413480 5375.999999999999
413980 5488.0
414480 5488.0
414980 5380.392156862745
415480 5488.0
415980 5485.714285714285
416480 5263.999999999999
416980 5375.999999999999
417480 5263.999999999999
417980 5380.392156862745
418480 5600.0
418980 5380.392156862745
419480 5263.999999999999
419980 5600.0
420480 5380.392156862745
420980 5600.0
421480 5160.7843137254895
421980 5375.999999999999
422480 5600.0
422980 5263.999999999999
423480 5488.0
423980 5488.0
424480 5380.392156862745
424980 5488.0
425480 5375.999999999999
425980 5488.0
426480 5371.428571428571
426980 5375.999999999999
427480 5375.999999999999
427980 5263.999999999999
428480 5600.0
428980 5270.588235294118
429480 5488.0
429980 5488.0
430480 5600.0
430980 5380.392156862745
431480 5263.999999999999
431980 5485.714285714285
432480 5375.999999999999
432980 5375.999999999999
433480 5270.588235294118
433980 5488.0
434480 5488.0
434980 5600.0
435480 5375.999999999999
435980 5375.999999999999
436480 5485.714285714285
436980 5270.588235294118
437480 5375.999999999999
437980 5488.0
438480 5488.0
438980 5375.999999999999
439480 5600.0
439980 5263.999999999999
440480 5488.0
440983 5380.392156862745
441480 5485.714285714285
441980 5485.714285714285
442480 5169.2307692307695
442980 5371.428571428571
443480 5380.392156862745
443980 5485.714285714285
444480 5600.0
444980 5375.999999999999
445480 5488.0
445980 5375.999999999999
446480 5160.7843137254895
446980 5375.999999999999
447480 5263.999999999999
447980 5600.0
448480 5380.392156862745
448980 5485.714285714285
449480 5375.999999999999
449980 5488.0
450480 5488.0
450980 5380.392156862745
451480 5375.999999999999
451980 5600.0
452480 5160.7843137254895
452980 5485.714285714285
453480 5380.392156862745
453980 5375.999999999999
454480 5600.0
454981 5488.0
455480 5380.392156862745
455980 5600.0
456480 5263.999999999999
456980 5488.0
457480 5263.999999999999
457980 5380.392156862745
458480 5488.0
458980 5488.0
459480 5488.0
459980 5375.999999999999
460480 5488.0
460980 5488.0
461480 5485.714285714285
461980 5160.7843137254895
462480 5485.714285714285
462980 5375.999999999999
463480 5380.392156862745
463980 5485.714285714285
464480 5600.0
464980 5270.588235294118
465480 5600.0
465980 5375.999999999999
466480 5488.0
466980 5270.588235294118
467480 5485.714285714285
467980 5375.999999999999
468480 5488.0
468980 5488.0
469480 5380.392156862745
469980 5488.0
470480 5600.0
470980 5380.392156862745
471480 5488.0
471980 5375.999999999999
472480 5371.428571428571
472980 5160.7843137254895
473480 5485.714285714285
473980 5270.588235294118
474480 5485.714285714285
474980 5380.392156862745
475480 5600.0
475980 5270.588235294118
476480 5371.428571428571
476980 5270.588235294118
477480 5375.999999999999
477980 5488.0
478480 5600.0
478980 5375.999999999999
479480 5488.0
479980 5488.0
480480 5485.714285714285
480980 5270.588235294118
481480 5375.999999999999
481981 5488.0
482481 5257.142857142857
482980 5488.0
483480 5375.999999999999
483980 5380.392156862745
484480 5600.0
484980 5488.0
485480 5380.392156862745
485980 5375.999999999999
486481 5485.714285714285
486980 5375.999999999999
487480 5152.0
487980 5375.999999999999
488480 5380.392156862745
488980 5600.0
489480 5375.999999999999
489980 5488.0
490480 5490.1960784313715
490980 5488.0
491480 5485.714285714285
491980 5160.7843137254895
492480 5600.0
492980 5375.999999999999
493480 5375.999999999999
493980 5380.392156862745
494480 5600.0
494980 5488.0
495480 5380.392156862745
495980 5485.714285714285
496480 5270.588235294118
496980 5485.714285714285
497480 5375.999999999999
497980 5270.588235294118
498480 5714.285714285715
498980 5270.588235294118
499480 5600.0
499980 5488.0
500480 5600.0
500980 5375.999999999999
501480 5488.0
501980 5263.999999999999
502480 5375.999999999999
502980 5270.588235294118
503480 5488.0
503980 5600.0
504480 5600.0
504980 5488.0
505480 5375.999999999999
505980 5488.0
506480 5160.7843137254895
506980 5375.999999999999
507480 5375.999999999999
507980 5485.714285714285
508480 5488.0
508980 5488.0
509480 5488.0
509980 5270.588235294118
510480 5600.0
510980 5600.0
511480 5375.999999999999
511980 5263.999999999999
512480 5488.0
512980 5375.999999999999
513480 5375.999999999999
513980 5488.0
514480 5488.0
514980 5488.0
515480 5375.999999999999
515980 5380.392156862745
516480 5371.428571428571
516980 5270.588235294118
517480 5485.714285714285
517980 5375.999999999999
518480 5488.0
518980 5488.0
519480 5488.0
519980 5600.0
520480 5488.0
520980 5375.999999999999
521480 5380.392156862745
521980 5263.999999999999
522480 5485.714285714285
522980 4172.549019607844
523480 4255.999999999999
523980 5263.999999999999
524480 5263.999999999999
524980 5485.714285714285
525480 5600.0
525980 4941.176470588234
526480 5152.0
526980 5485.714285714285
527480 5263.999999999999
527980 5488.0
528480 5488.0
528980 5375.999999999999
529480 5380.392156862745
529980 5488.0
530480 5600.0
530980 5380.392156862745
531480 5488.0
531980 5263.999999999999
532480 5485.714285714285
532980 5375.999999999999
533480 5380.392156862745
533980 5488.0
534480 5600.0
534980 5050.980392156863
535480 5600.0
535980 5488.0
536480 5270.588235294118
536980 5152.0
537480 5600.0
537980 5488.0
538480 5380.392156862745
538980 5600.0
539480 5488.0
539980 5488.0
540480 5488.0
540980 5490.1960784313715
541480 5375.999999999999
541980 5371.428571428571
542480 5488.0
542980 5375.999999999999
543479 5375.999999999999
543980 5600.0
544480 5380.392156862745
544980 5600.0
545480 5380.392156862745
545980 5485.714285714285
546480 5270.588235294118
546980 5375.999999999999
547480 5485.714285714285
547980 5375.999999999999
548480 5160.7843137254895
548980 5488.0
549480 5600.0
549980 5375.999999999999
550480 5488.0
550980 5380.392156862745
551480 5488.0
551980 5485.714285714285
552480 5160.7843137254895
552980 5371.428571428571
553480 5270.588235294118
553980 5714.285714285715
554480 5375.999999999999
554980 5488.0
555480 5488.0
555980 5270.588235294118
556480 5485.714285714285
556980 5160.7843137254895
557480 5375.999999999999
557980 5600.0
558480 5375.999999999999
558980 5488.0
559480 5270.588235294118
559980 5485.714285714285
560480 5488.0
560980 5375.999999999999
561480 5375.999999999999
561980 4831.3725490196075
562480 5375.999999999999
562980 5257.142857142857
563480 5375.999999999999
563980 5600.0
564480 5488.0
564980 5485.714285714285
565480 5384.615384615384
565980 5371.428571428571
566480 5270.588235294118
566980 5263.999999999999
567480 5600.0
567980 5488.0
568480 5380.392156862745
568980 5485.714285714285
569480 5488.0
569980 5375.999999999999
570480 5488.0
570980 5375.999999999999
571480 5263.999999999999
571980 5263.999999999999
572480 5375.999999999999
572980 5160.7843137254895
573480 5600.0
