0 799.9999999999999
482 4479.999999999999
982 4367.999999999999
1482 5152.0
1982 5263.999999999999
2482 5375.999999999999
2982 5152.0
3482 5375.999999999999
3982 2576.0
4482 0.0
4982 0.0
5482 0.0
5982 2857.1428571428573
6482 4228.5714285714275
6981 2016.0
7482 0.0
7982 0.0
8482 0.0
8982 0.0
9482 0.0
9982 768.6274509803922
10482 0.0
10982 0.0
11482 0.0
11981 0.0
12481 0.0
12982 3919.9999999999995
13482 5263.999999999999
13982 5375.999999999999
14482 5485.714285714285
14982 5375.999999999999
15481 5160.7843137254895
15982 5263.999999999999
16482 5263.999999999999
16981 5263.999999999999
17482 4914.285714285714
17982 5270.588235294118
18482 5152.0
18982 5152.0
19482 5375.999999999999
19982 5257.142857142857
20482 5263.999999999999
20982 5375.999999999999
21482 5160.7843137254895
21982 5152.0
22482 5371.428571428571
22982 5375.999999999999
23482 5270.588235294118
23982 5375.999999999999
24482 5375.999999999999
24982 5375.999999999999
25481 5263.999999999999
25982 5375.999999999999
26482 5371.428571428571
26982 5050.980392156863
27482 5375.999999999999
27982 5371.428571428571
28482 5270.588235294118
28982 5485.714285714285
29482 5375.999999999999
29982 5488.0
30482 5375.999999999999
30982 5160.7843137254895
31482 5263.999999999999
31981 5263.999999999999
32482 5263.999999999999
32982 5257.142857142857
33481 5270.588235294118
33982 5485.714285714285
34482 5375.999999999999
34982 5380.392156862745
35481 5485.714285714285
35982 5270.588235294118
36482 5371.428571428571
36982 5050.980392156863
37482 5375.999999999999
37982 5257.142857142857
38482 5488.0
38982 5375.999999999999
39481 5270.588235294118
39982 5485.714285714285
40482 5488.0
40982 5160.7843137254895
41481 5263.999999999999
41981 5375.999999999999
42481 5263.999999999999
42982 5485.714285714285
43482 5375.999999999999
43982 5375.999999999999
44482 5152.0
44982 5263.999999999999
45481 5263.999999999999
45981 5061.538461538461
46482 5485.714285714285
46982 3885.7142857142853
47482 4831.3725490196075
47981 5263.999999999999
48482 5488.0
48981 5375.999999999999
49482 5263.999999999999
49982 5488.0
50482 5375.999999999999
50982 5375.999999999999
51481 5152.0
51981 5263.999999999999
52482 5375.999999999999
52982 5375.999999999999
53481 5375.999999999999
53981 5485.714285714285
54482 5375.999999999999
54982 5380.392156862745
55482 5375.999999999999
55982 4928.0
56482 5371.428571428571
56982 5270.588235294118
57482 5263.999999999999
57982 5263.999999999999
58482 5375.999999999999
58981 5375.999999999999
59481 5488.0
59981 5375.999999999999
60482 5485.714285714285
60982 5380.392156862745
61482 5152.0
61982 5375.999999999999
62482 5257.142857142857
62982 5270.588235294118
63481 5485.714285714285
63981 5270.588235294118
64482 5488.0
64982 5375.999999999999
65482 5488.0
65982 5257.142857142857
66482 5380.392156862745
66982 5263.999999999999
67482 5263.999999999999
67981 5263.999999999999
68482 5375.999999999999
68982 5488.0
69482 5257.142857142857
69981 5263.999999999999
70481 5375.999999999999
70981 5263.999999999999
71482 5263.999999999999
71982 5160.7843137254895
72482 5263.999999999999
72982 5152.0
73482 5375.999999999999
73982 5375.999999999999
74482 5375.999999999999
74982 5488.0
75481 5375.999999999999
75982 5263.999999999999
76482 5600.0
76982 5160.7843137254895
77481 5485.714285714285
77982 5375.999999999999
78482 5263.999999999999
78981 5169.2307692307695
79482 5263.999999999999
79982 5485.714285714285
80482 5488.0
80982 5375.999999999999
81482 5485.714285714285
81982 5375.999999999999
82482 5160.7843137254895
82982 4816.0
83481 5263.999999999999
83981 5600.0
84482 5270.588235294118
84982 5485.714285714285
85482 5380.392156862745
85981 5263.999999999999
86482 5263.999999999999
86982 5485.714285714285
87482 5270.588235294118
87982 5375.999999999999
88482 5375.999999999999
88982 5375.999999999999
89482 5263.999999999999
89981 5600.0
90481 5270.588235294118
90981 5485.714285714285
91481 5270.588235294118
91982 5485.714285714285
92481 5160.7843137254895
92982 5375.999999999999
93482 5485.714285714285
93981 5263.999999999999
94481 5375.999999999999
94982 5380.392156862745
95482 5375.999999999999
95982 5375.999999999999
96482 5488.0
96982 5371.428571428571
97482 5380.392156862745
97981 5485.714285714285
98482 5270.588235294118
98981 5263.999999999999
99482 5375.999999999999
99981 5375.999999999999
100482 5375.999999999999
100982 5600.0
101482 5375.999999999999
101982 5263.999999999999
102481 5375.999999999999
102982 5152.0
103482 5488.0
103981 5263.999999999999
104482 5375.999999999999
104982 5375.999999999999
105482 5488.0
105982 5160.7843137254895
106481 5600.0
106982 5375.999999999999
107482 5263.999999999999
107981 5600.0
108482 5263.999999999999
108982 5375.999999999999
109482 5263.999999999999
109981 5488.0
110481 5061.538461538461
110981 5600.0
111482 5375.999999999999
111982 5600.0
112482 5375.999999999999
112981 5270.588235294118
113481 5263.999999999999
113982 5257.142857142857
114482 5270.588235294118
114982 5488.0
115481 5375.999999999999
115982 5375.999999999999
116482 5375.999999999999
116982 5375.999999999999
117482 5485.714285714285
117982 5169.2307692307695
118482 5485.714285714285
118982 5488.0
119482 5263.999999999999
119982 5375.999999999999
120481 5375.999999999999
120981 5600.0
121482 5169.2307692307695
121982 5600.0
122482 5263.999999999999
122982 5485.714285714285
123482 5160.7843137254895
123982 5485.714285714285
124482 5375.999999999999
124982 5270.588235294118
125482 5375.999999999999
125982 5375.999999999999
126482 5488.0
126982 5375.999999999999
127482 5600.0
127982 5050.980392156863
128481 5488.0
128981 5375.999999999999
129482 5263.999999999999
129981 5600.0
130481 5270.588235294118
130981 5485.714285714285
131481 5488.0
131981 5380.392156862745
132481 5375.999999999999
132981 5375.999999999999
133482 5600.0
133981 5263.999999999999
134481 5488.0
134982 5160.7843137254895
135482 5488.0
135982 5488.0
136482 5488.0
136981 5263.999999999999
137481 5488.0
137981 5263.999999999999
138481 5488.0
138981 5488.0
139481 5270.588235294118
139982 5371.428571428571
140482 5375.999999999999
140982 5488.0
141482 5371.428571428571
141982 5488.0
142482 5488.0
142981 5488.0
143482 5375.999999999999
143982 5160.7843137254895
144482 5375.999999999999
144982 5263.999999999999
145482 5485.714285714285
145982 5375.999999999999
146481 5375.999999999999
146982 5488.0
147481 5380.392156862745
147981 5371.428571428571
148482 5263.999999999999
148982 5375.999999999999
149482 5160.7843137254895
149982 5485.714285714285
150481 5270.588235294118
150981 5375.999999999999
151482 5375.999999999999
151982 5375.999999999999
152481 5488.0
152981 5488.0
153482 5375.999999999999
153982 5375.999999999999
154482 5375.999999999999
154982 5263.999999999999
155482 5375.999999999999
155982 5485.714285714285
156482 5160.7843137254895
156982 5488.0
157482 5488.0
157982 5375.999999999999
158482 5375.999999999999
158981 5152.0
159481 5375.999999999999
159981 5600.0
160482 5160.7843137254895
160982 5485.714285714285
161482 5160.7843137254895
161981 5488.0
162481 5375.999999999999
162981 5600.0
163481 5375.999999999999
163981 5375.999999999999
164482 5270.588235294118
164982 5375.999999999999
165482 5485.714285714285
165982 5270.588235294118
166482 5488.0
166981 5485.714285714285
167482 5380.392156862745
167982 5485.714285714285
168482 5488.0
168982 5160.7843137254895
169482 5263.999999999999
169982 5488.0
170482 5600.0
170982 5375.999999999999
171482 5375.999999999999
171982 5380.392156862745
172482 5263.999999999999
172982 5488.0
173481 5375.999999999999
173981 5488.0
174481 5375.999999999999
174981 5485.714285714285
175482 5263.999999999999
175982 5488.0
176482 5270.588235294118
176982 5488.0
177482 5375.999999999999
177982 5714.285714285715
178482 5380.392156862745
178982 5263.999999999999
179482 5488.0
179981 5263.999999999999
180482 5488.0
180982 5488.0
181481 5375.999999999999
181981 5485.714285714285
182481 5488.0
182981 5375.999999999999
183481 5488.0
183982 5488.0
184482 5160.7843137254895
184982 5375.999999999999
185482 5375.999999999999
185982 5375.999999999999
186482 5600.0
186982 5160.7843137254895
187482 5600.0
187982 5488.0
188482 5169.2307692307695
188981 5600.0
189481 5375.999999999999
189981 5375.999999999999
190481 5488.0
190982 5600.0
191482 5270.588235294118
191982 5263.999999999999
192482 5488.0
192982 5485.714285714285
193482 5375.999999999999
193982 5488.0
194482 5160.7843137254895
194981 5488.0
195482 5263.999999999999
195982 5485.714285714285
196482 5263.999999999999
196982 5380.392156862745
197482 5160.7843137254895
197982 5716.666666666666
198482 5380.392156862745
198982 5485.714285714285
199482 5270.588235294118
199982 5375.999999999999
200482 5488.0
200982 5375.999999999999
201482 5485.714285714285
201982 5380.392156862745
202482 5263.999999999999
202982 5488.0
203482 5375.999999999999
203982 5375.999999999999
204482 5488.0
204982 5488.0
205482 5375.999999999999
205982 5485.714285714285
206481 5263.999999999999
206982 5263.999999999999
207482 5375.999999999999
207982 5488.0
208482 5488.0
208982 5270.588235294118
209482 5600.0
209982 5263.999999999999
210482 5488.0
210981 5263.999999999999
211482 5485.714285714285
211982 5488.0
212483 5270.588235294118
212981 5375.999999999999
213482 5375.999999999999
213982 5600.0
214481 5270.588235294118
214981 5485.714285714285
215482 5375.999999999999
215982 5488.0
216482 5488.0
216982 5263.999999999999
217481 5375.999999999999
217981 5488.0
218481 5270.588235294118
218982 5488.0
219481 5375.999999999999
219981 5485.714285714285
220481 5488.0
220981 5270.588235294118
221481 5600.0
221982 5380.392156862745
222482 5375.999999999999
222982 5375.999999999999
223482 5485.714285714285
223982 5375.999999999999
224482 5488.0
224982 5488.0
225482 5375.999999999999
225982 5375.999999999999
226482 5380.392156862745
226982 5375.999999999999
227482 5375.999999999999
227982 5375.999999999999
228482 5600.0
228981 5152.0
229481 5488.0
229981 5270.588235294118
230481 5375.999999999999
230981 5488.0
231482 5485.714285714285
231982 5375.999999999999
232482 5270.588235294118
232981 5485.714285714285
233482 5380.392156862745
233981 5488.0
234481 5375.999999999999
234981 5488.0
235481 5485.714285714285
235982 5488.0
236481 5270.588235294118
236982 5375.999999999999
237482 5375.999999999999
237981 5485.714285714285
238482 5380.392156862745
238982 5375.999999999999
239482 5600.0
239982 5380.392156862745
240482 5488.0
240982 5380.392156862745
241482 5371.428571428571
241982 5485.714285714285
242482 5375.999999999999
242982 5488.0
243482 5160.7843137254895
243982 5600.0
244482 5270.588235294118
244982 5488.0
245482 5600.0
245982 5380.392156862745
246482 5375.999999999999
246981 5375.999999999999
